0.000000 0.028138 -0.015960 0.014785 0.013617 -0.070526 -0.047729 0.996274
0.100000 0.052682 -0.020729 0.027436 0.016014 -0.105348 -0.072024 0.991694
0.200000 0.104779 -0.038462 0.057703 0.018640 -0.128491 -0.080200 0.988287
0.300000 0.175185 -0.060595 0.097753 0.021899 -0.130394 -0.060563 0.989368
0.400000 0.224259 -0.055791 0.117933 0.025094 -0.116372 -0.024159 0.992595
0.500000 0.330740 -0.087324 0.177749 0.027519 -0.096697 0.012378 0.994856
0.600000 0.398216 -0.077161 0.202386 0.028607 -0.078730 0.035092 0.995867
0.700000 0.452848 -0.047417 0.212945 0.029403 -0.058067 0.047587 0.996744
0.800000 0.513720 -0.013812 0.224865 0.031362 -0.026728 0.058426 0.997441
0.900000 0.599190 0.009200 0.252854 0.035396 0.019770 0.073886 0.996442
1.000000 0.713221 0.019802 0.301132 0.040064 0.069364 0.089875 0.992726
1.100000 0.793816 0.064175 0.319083 0.043351 0.105294 0.099566 0.988494
1.200000 0.905772 0.094480 0.360501 0.043639 0.115930 0.098481 0.987399
1.300000 1.088745 0.092669 0.461515 0.040714 0.112406 0.091886 0.988567
1.400000 1.312269 0.106373 0.604876 0.034754 0.112353 0.087780 0.989173
1.500000 1.575825 0.185418 0.790981 0.026394 0.128948 0.091855 0.987035
1.600000 1.834840 0.332131 0.942884 0.018331 0.154620 0.099149 0.982815
1.700000 2.135236 0.536783 1.068610 0.013871 0.175923 0.101722 0.979036
1.800000 2.535895 0.759827 1.165529 0.015780 0.182337 0.093749 0.978629
1.900000 2.944657 0.872239 1.213399 0.024221 0.176152 0.078620 0.980919
2.000000 3.284821 0.962316 1.249425 0.038598 0.163297 0.062351 0.983848
2.100000 3.650469 1.039073 1.286538 0.057469 0.148816 0.049745 0.985939
2.200000 3.958481 1.108765 1.317360 0.075452 0.133414 0.039861 0.987380
2.300000 4.280229 1.162660 1.347797 0.086054 0.116563 0.030107 0.988990
2.400000 4.531908 1.226358 1.373157 0.085122 0.098855 0.018713 0.991278
2.500000 4.739792 1.302724 1.396223 0.079348 0.086072 0.007698 0.993094
2.600000 4.953567 1.376475 1.419609 0.078581 0.085524 0.000171 0.993232
2.700000 5.125652 1.471280 1.441771 0.090215 0.102381 -0.001493 0.990645
2.800000 5.316650 1.559396 1.465194 0.110160 0.131886 0.001786 0.985123
2.900000 5.559977 1.616851 1.490438 0.131024 0.166428 0.008128 0.977276
3.000000 5.809500 1.663036 1.515797 0.146486 0.198449 0.015317 0.968981
3.100000 6.043908 1.714826 1.541316 0.154770 0.220161 0.019572 0.962908
3.200000 6.255411 1.785769 1.568026 0.155453 0.223773 0.016692 0.962020
3.300000 6.510843 1.812458 1.593751 0.148831 0.204609 0.004056 0.967454
3.400000 6.789733 1.806715 1.617290 0.139035 0.173061 -0.013501 0.974955
3.500000 7.125005 1.715104 1.631270 0.131557 0.144244 -0.028998 0.980329
3.600000 7.402158 1.687583 1.647759 0.130916 0.130422 -0.037049 0.982079
3.700000 7.689265 1.638516 1.658589 0.135627 0.128851 -0.039546 0.981549
3.800000 7.983009 1.574381 1.663290 0.142357 0.132326 -0.040452 0.980096
3.900000 8.312697 1.444569 1.649809 0.147845 0.133662 -0.043132 0.978987
4.000000 8.670617 1.262865 1.611996 0.149299 0.125766 -0.048231 0.979575
4.100000 9.062960 1.016836 1.539407 0.143997 0.101548 -0.055561 0.982785
4.200000 9.429854 0.815856 1.465363 0.130410 0.057868 -0.064279 0.987681
4.300000 9.752237 0.700031 1.411601 0.113470 0.010619 -0.070732 0.990964
4.400000 10.031279 0.671652 1.385662 0.100470 -0.018631 -0.070720 0.992249
4.500000 10.312640 0.643816 1.357547 0.096998 -0.014014 -0.061768 0.993267
4.600000 10.581176 0.647058 1.339737 0.099444 0.014018 -0.048438 0.993765
4.700000 10.810434 0.735303 1.354155 0.101537 0.047396 -0.037323 0.993001
4.800000 11.062212 0.784126 1.353317 0.098485 0.071236 -0.033554 0.992018
4.900000 11.332645 0.798853 1.339561 0.091520 0.085479 -0.035069 0.991508
5.000000 11.606953 0.806922 1.324068 0.083550 0.094318 -0.037692 0.991314
5.100000 11.860636 0.856208 1.327006 0.077051 0.101469 -0.038017 0.991122
5.200000 12.114422 0.896360 1.331522 0.072664 0.108541 -0.036100 0.990775
5.300000 12.283839 0.995733 1.409915 0.070460 0.116488 -0.033045 0.990138
5.400000 12.446355 1.203630 1.491472 0.070051 0.124355 -0.030959 0.989278
5.500000 12.646036 1.394454 1.547084 0.068938 0.122315 -0.036627 0.989417
5.600000 12.805063 1.620432 1.630343 0.063961 0.097920 -0.058139 0.991434
5.700000 12.940266 1.875178 1.715996 0.053382 0.045291 -0.098662 0.992655
5.800000 13.090371 2.124642 1.780808 0.043202 -0.009322 -0.139297 0.989264
5.900000 13.230297 2.420288 1.841187 0.042156 -0.030090 -0.155816 0.986427
6.000000 13.413024 2.672397 1.901959 0.055862 0.006763 -0.132720 0.989555
6.100000 13.579242 3.010152 1.983275 0.074645 0.069634 -0.092504 0.990466
6.200000 13.749925 3.385504 2.085023 0.084909 0.110913 -0.070037 0.987716
6.300000 13.935186 3.715754 2.178813 0.076762 0.095551 -0.091763 0.988209
6.400000 14.107950 4.100580 2.288739 0.054143 0.043162 -0.140384 0.987673
6.500000 14.261462 4.551710 2.415814 0.025433 -0.010344 -0.186156 0.982137
6.600000 14.429779 4.933634 2.521389 -0.001099 -0.035743 -0.206655 0.977760
6.700000 14.587448 5.345846 2.632049 -0.021124 -0.037495 -0.206824 0.977431
6.800000 14.735474 5.785966 2.747534 -0.031613 -0.029735 -0.198737 0.979091
6.900000 14.877692 6.241277 2.865161 -0.031130 -0.023124 -0.191706 0.980686
7.000000 15.025740 6.676728 2.977316 -0.025561 -0.012188 -0.182725 0.982756
7.100000 15.179356 7.095027 3.085386 -0.022865 0.013218 -0.165097 0.985924
7.200000 15.358242 7.438700 3.175669 -0.028897 0.059728 -0.134062 0.988749
7.300000 15.564120 7.704566 3.246705 -0.039951 0.117681 -0.095184 0.987672
7.400000 15.770674 7.971310 3.317867 -0.049667 0.172762 -0.057594 0.982023
7.500000 15.960910 8.287632 3.402487 -0.053199 0.213398 -0.029759 0.975062
7.600000 16.177292 8.526544 3.467148 -0.051741 0.238682 -0.015184 0.969599
7.700000 16.380187 8.803925 3.543291 -0.048139 0.250586 -0.015793 0.966768
7.800000 16.589969 9.059613 3.614079 -0.044982 0.250867 -0.032286 0.966437
7.900000 16.771856 9.388989 3.711021 -0.043950 0.241234 -0.059864 0.967621
8.000000 16.976847 9.649782 3.787892 -0.046452 0.223440 -0.092117 0.969243
8.100000 17.197747 9.868743 3.849152 -0.053181 0.200606 -0.122439 0.970535
8.200000 17.403193 10.123181 3.925737 -0.061487 0.181734 -0.143418 0.970888
8.300000 17.574069 10.428801 4.038487 -0.067801 0.177653 -0.147561 0.970602
8.400000 17.713201 10.746208 4.167600 -0.069309 0.194785 -0.130645 0.969632
8.500000 17.879033 11.025637 4.266153 -0.066767 0.219420 -0.103747 0.967798
8.600000 17.999838 11.350372 4.381617 -0.062131 0.232471 -0.082662 0.967090
8.700000 18.175616 11.612370 4.461380 -0.057139 0.219873 -0.079980 0.970564
8.800000 18.381017 11.841824 4.526944 -0.051760 0.188692 -0.092405 0.976308
8.900000 18.574672 12.081440 4.595877 -0.045446 0.152141 -0.112025 0.980937
9.000000 18.755621 12.331752 4.667382 -0.037889 0.122089 -0.131263 0.983071
9.100000 18.865060 12.647990 4.744975 -0.029528 0.102602 -0.143490 0.983876
9.200000 19.042543 12.897871 4.808557 -0.020988 0.095393 -0.142368 0.984983
9.300000 19.168821 13.201016 4.868463 -0.012970 0.100772 -0.124816 0.986964
9.400000 19.286095 13.536182 4.922600 -0.006704 0.112893 -0.103272 0.988203
9.500000 19.463371 13.803793 4.981681 -0.003594 0.124262 -0.094798 0.987704
9.600000 19.650641 14.055021 5.042573 -0.004848 0.128912 -0.111405 0.985366
9.700000 19.850500 14.279793 5.104673 -0.010647 0.127589 -0.141239 0.981661
9.800000 20.044972 14.512023 5.166908 -0.020860 0.123119 -0.165662 0.978245
9.900000 20.200599 14.807641 5.230749 -0.034655 0.118712 -0.170203 0.977618
10.000000 20.378448 15.056409 5.295159 -0.047934 0.118429 -0.158761 0.979016
10.100000 20.510859 15.349696 5.365700 -0.055660 0.126507 -0.140493 0.980387
10.200000 20.633216 15.629198 5.439328 -0.055112 0.144556 -0.123816 0.980171
10.300000 20.716185 15.921187 5.517643 -0.054353 0.161945 -0.113580 0.978733
10.400000 20.799719 16.200554 5.592416 -0.064591 0.164637 -0.113666 0.977652
10.500000 20.819464 16.510431 5.662600 -0.093196 0.142787 -0.126181 0.977243
10.600000 20.843116 16.813477 5.715182 -0.129742 0.106511 -0.145419 0.975026
10.700000 20.863040 17.109444 5.756292 -0.158891 0.072216 -0.163801 0.970931
10.800000 20.786452 17.418369 5.788281 -0.169349 0.054408 -0.175165 0.968338
10.900000 20.701853 17.658704 5.834064 -0.166297 0.056842 -0.177132 0.968369
11.000000 20.604628 17.833261 5.867484 -0.159329 0.080020 -0.168040 0.969522
11.100000 20.529034 17.964785 5.895663 -0.156243 0.121405 -0.147969 0.968996
11.200000 20.423606 17.997525 5.951307 -0.157586 0.164835 -0.126335 0.965420
11.300000 20.408810 17.979999 6.029590 -0.162409 0.190648 -0.115742 0.961187
11.400000 20.457375 17.991499 6.091711 -0.169861 0.185298 -0.124843 0.959805
11.500000 20.501784 17.968944 6.145003 -0.177942 0.161785 -0.142838 0.960083
11.600000 20.585332 17.978572 6.196546 -0.184454 0.140957 -0.153442 0.960502
11.700000 20.702693 17.967755 6.247761 -0.188339 0.139034 -0.144509 0.961413
11.800000 20.840094 17.959507 6.286693 -0.192206 0.149056 -0.121712 0.962302
11.900000 20.977573 18.013143 6.322293 -0.199725 0.157364 -0.095885 0.962368
12.000000 21.097536 18.034227 6.347895 -0.213324 0.154133 -0.075786 0.961765
12.100000 21.203733 18.063196 6.367899 -0.228704 0.146689 -0.059903 0.960515
12.200000 21.268657 18.066745 6.368706 -0.239633 0.147305 -0.043772 0.958625
12.300000 21.316718 18.077078 6.357962 -0.241475 0.164889 -0.023947 0.955996
12.400000 21.382151 18.084773 6.347185 -0.237090 0.192806 -0.001782 0.952161
12.500000 21.462273 18.084047 6.343968 -0.231718 0.220062 0.019962 0.947355
12.600000 21.519680 18.005012 6.354991 -0.229847 0.238011 0.038741 0.942879
12.700000 21.580052 17.981681 6.416207 -0.231049 0.247809 0.053142 0.939352
12.800000 21.618439 17.936930 6.525870 -0.233362 0.253349 0.062080 0.936751
12.900000 21.684222 17.964224 6.620780 -0.235259 0.257606 0.064539 0.934948
13.000000 21.755849 18.007317 6.708626 -0.237479 0.259496 0.059843 0.934176
13.100000 21.855299 18.132225 6.758908 -0.241376 0.256737 0.047413 0.934653
13.200000 21.931377 18.199649 6.831028 -0.247424 0.248118 0.028065 0.936179
13.300000 21.986703 18.208820 6.922962 -0.252307 0.237745 0.009172 0.937942
13.400000 22.064011 18.294214 6.981741 -0.251808 0.231450 0.000018 0.939694
13.500000 22.118398 18.311760 7.063774 -0.242820 0.233606 0.006982 0.941498
13.600000 22.163447 18.295554 7.154011 -0.226997 0.241385 0.022947 0.943228
13.700000 22.212810 18.284321 7.236920 -0.207476 0.249960 0.036902 0.945046
13.800000 22.300077 18.301948 7.287085 -0.188277 0.255237 0.040108 0.947522
13.900000 22.389016 18.407595 7.311617 -0.176674 0.255724 0.034316 0.949849
14.000000 22.492267 18.591016 7.296396 -0.180832 0.250664 0.024306 0.950724
14.100000 22.566720 18.738208 7.304994 -0.205287 0.239726 0.013860 0.948787
14.200000 22.635277 18.891097 7.307174 -0.238100 0.225162 0.002231 0.944778
14.300000 22.710042 19.116907 7.266259 -0.262892 0.210353 -0.012611 0.941531
14.400000 22.765390 19.283544 7.263901 -0.267253 0.198971 -0.031197 0.942345
14.500000 22.823974 19.502879 7.245824 -0.255470 0.194491 -0.047144 0.945878
14.600000 22.873464 19.684120 7.252423 -0.236617 0.200289 -0.052073 0.949308
14.700000 22.902658 19.768659 7.285406 -0.219171 0.217416 -0.040763 0.950280
14.800000 22.938466 19.911591 7.304802 -0.208939 0.236063 -0.022707 0.948738
14.900000 22.965370 20.026833 7.330447 -0.211237 0.243583 -0.011686 0.946525
15.000000 22.998737 20.202621 7.351174 -0.229176 0.230954 -0.017752 0.945422
15.100000 23.031129 20.404946 7.379169 -0.254863 0.205398 -0.033614 0.944313
15.200000 23.060097 20.659559 7.436907 -0.277540 0.179197 -0.046998 0.942683
15.300000 23.086419 20.889754 7.529348 -0.288833 0.162987 -0.049088 0.942126
15.400000 23.148235 21.175875 7.652163 -0.288743 0.157364 -0.046789 0.943226
15.500000 23.249553 21.510293 7.806346 -0.279424 0.159857 -0.051466 0.945367
15.600000 23.395800 21.893145 8.009923 -0.263849 0.168131 -0.069313 0.947265
15.700000 23.499320 22.188925 8.177884 -0.249779 0.181114 -0.082512 0.947629
15.800000 23.604604 22.525363 8.338693 -0.246666 0.198312 -0.066443 0.946263
15.900000 23.700179 22.840894 8.452069 -0.259811 0.218272 -0.005258 0.940653
16.000000 23.820283 23.161114 8.539447 -0.278624 0.236652 0.074766 0.927779
16.100000 23.987974 23.464675 8.594539 -0.290396 0.250333 0.134991 0.913663
16.200000 24.194548 23.698017 8.609472 -0.287928 0.258627 0.146575 0.910343
16.300000 24.367141 23.823116 8.607426 -0.276686 0.261833 0.121951 0.916524
16.400000 24.458570 23.864751 8.610979 -0.265011 0.259883 0.085092 0.924656
16.500000 24.551655 23.877294 8.611230 -0.260262 0.253257 0.056300 0.930030
16.600000 24.579402 23.855212 8.621666 -0.262684 0.242608 0.037560 0.933128
16.700000 24.656925 23.811951 8.621945 -0.270190 0.228372 0.025451 0.934984
16.800000 24.690268 23.743592 8.629713 -0.280307 0.211576 0.016846 0.936152
16.900000 24.703050 23.655080 8.640646 -0.289296 0.196515 0.010139 0.936796
17.000000 24.722774 23.535906 8.650835 -0.293149 0.188492 0.004180 0.937292
17.100000 24.643038 23.447165 8.674396 -0.289406 0.190416 -0.001842 0.938074
17.200000 24.624217 23.304508 8.689488 -0.282654 0.194005 -0.007109 0.939371
17.300000 24.569194 23.167121 8.708278 -0.279580 0.187788 -0.010339 0.941522
17.400000 24.483652 23.037000 8.729524 -0.285020 0.164106 -0.010660 0.944309
17.500000 24.356184 22.928678 8.754061 -0.295464 0.133244 -0.009178 0.945972
17.600000 24.269986 22.769537 8.772615 -0.305394 0.110929 -0.007575 0.945713
17.700000 24.223827 22.551287 8.785286 -0.310342 0.109316 -0.006792 0.944294
17.800000 24.160118 22.326235 8.797423 -0.308684 0.123078 -0.004196 0.943159
17.900000 24.084230 22.090874 8.807397 -0.299493 0.141780 0.003876 0.943497
18.000000 24.003981 21.835410 8.810652 -0.283324 0.156792 0.019792 0.945914
18.100000 23.904059 21.574342 8.805721 -0.267478 0.167896 0.039868 0.947986
18.200000 23.775116 21.320456 8.797741 -0.261353 0.177412 0.058697 0.946981
18.300000 23.614624 21.099463 8.800662 -0.271384 0.187166 0.072054 0.941343
18.400000 23.448884 20.864397 8.803392 -0.289781 0.196346 0.081095 0.933220
18.500000 23.262918 20.653243 8.814976 -0.304761 0.203446 0.088553 0.926223
18.600000 23.058971 20.459393 8.832487 -0.307139 0.207674 0.095905 0.923764
18.700000 22.868898 20.208293 8.839166 -0.298878 0.211018 0.098607 0.925430
18.800000 22.660893 19.973843 8.851496 -0.285068 0.216209 0.090359 0.929422
18.900000 22.435842 19.752579 8.868503 -0.270649 0.225030 0.067613 0.933563
19.000000 22.229457 19.468048 8.874381 -0.260357 0.235224 0.039813 0.935574
19.100000 22.006787 19.196669 8.884867 -0.259208 0.243662 0.020234 0.934361
19.200000 21.774083 18.924355 8.896986 -0.270263 0.248106 0.018484 0.930086
19.300000 21.524255 18.663342 8.913272 -0.286340 0.249370 0.026967 0.924714
19.400000 21.302024 18.331930 8.916496 -0.297398 0.249224 0.033124 0.921056
19.500000 21.132366 17.922196 8.899808 -0.296151 0.248910 0.027416 0.921730
19.600000 21.006631 17.488206 8.867955 -0.287215 0.246505 0.014282 0.925494
19.700000 20.907104 16.984967 8.828562 -0.278690 0.239215 0.002208 0.930109
19.800000 20.722952 16.498562 8.817523 -0.277160 0.225475 -0.002654 0.933990
19.900000 20.530419 15.958345 8.820623 -0.281504 0.208848 -0.005057 0.936543
20.000000 20.302112 15.473862 8.840903 -0.288393 0.194371 -0.012910 0.937488
20.100000 20.063006 14.989715 8.869652 -0.294820 0.185686 -0.031803 0.936798
20.200000 19.797149 14.544375 8.891789 -0.299231 0.179891 -0.056530 0.935363
20.300000 19.509549 14.129058 8.904603 -0.300623 0.172287 -0.078776 0.934739
20.400000 19.220201 13.703916 8.907965 -0.298468 0.160291 -0.091716 0.936382
20.500000 18.919743 13.282618 8.906206 -0.293730 0.150739 -0.095322 0.939103
20.600000 18.656218 12.795610 8.872909 -0.287786 0.153159 -0.091525 0.940928
20.700000 18.421087 12.235387 8.812269 -0.281366 0.173469 -0.082437 0.940184
20.800000 18.129414 11.680771 8.817313 -0.272741 0.200948 -0.071185 0.938171
20.900000 17.791388 11.193544 8.843082 -0.259843 0.220283 -0.061286 0.938190
21.000000 17.448981 10.675361 8.880626 -0.242327 0.219974 -0.055851 0.943276
21.100000 17.107246 10.107540 8.935179 -0.226410 0.205241 -0.055776 0.950528
21.200000 16.757333 9.542408 8.985317 -0.220241 0.186185 -0.061331 0.955546
21.300000 16.432767 8.902777 9.038553 -0.229680 0.171193 -0.072590 0.955338
21.400000 16.100857 8.293038 9.067414 -0.249356 0.160123 -0.088556 0.950968
21.500000 15.729669 7.751546 9.107997 -0.270658 0.150371 -0.107919 0.944715
21.600000 15.313520 7.287876 9.130677 -0.286581 0.139837 -0.128956 0.938982
21.700000 14.887975 6.819862 9.149405 -0.297030 0.128363 -0.147875 0.934574
21.800000 14.441208 6.374972 9.173996 -0.303935 0.116357 -0.160314 0.931871
21.900000 13.973567 5.952611 9.201404 -0.308975 0.104464 -0.163316 0.931101
22.000000 13.516795 5.477891 9.219502 -0.312563 0.094415 -0.160350 0.931492
22.100000 13.070496 4.951515 9.229915 -0.314744 0.088251 -0.156740 0.931977
22.200000 12.623221 4.400444 9.237369 -0.315458 0.087821 -0.155903 0.931916
22.300000 12.148151 3.888308 9.251862 -0.314050 0.094032 -0.152336 0.932376
22.400000 11.649914 3.404022 9.271146 -0.309604 0.107487 -0.137920 0.934650
22.500000 11.138118 2.924264 9.291449 -0.301225 0.128253 -0.106851 0.938828
22.600000 10.646106 2.368460 9.302145 -0.289215 0.154220 -0.064635 0.942546
22.700000 10.122651 1.859212 9.320038 -0.274599 0.182739 -0.020233 0.943818
22.800000 9.596075 1.327088 9.336229 -0.259369 0.210772 0.017921 0.942328
22.900000 9.078533 0.742069 9.347502 -0.247932 0.232752 0.044583 0.939345
23.000000 8.558294 0.131749 9.357660 -0.245437 0.242549 0.055536 0.936935
23.100000 8.028365 -0.487670 9.368842 -0.255070 0.235706 0.048165 0.936516
23.200000 7.453367 -1.032034 9.390885 -0.271194 0.215637 0.027123 0.937667
23.300000 6.898718 -1.658121 9.404845 -0.285670 0.188133 -0.000802 0.939680
23.400000 6.329787 -2.282905 9.420320 -0.291978 0.160394 -0.028263 0.942456
23.500000 5.747410 -2.908187 9.436899 -0.290060 0.145080 -0.045607 0.944847
23.600000 5.177919 -3.596221 9.448053 -0.281802 0.156389 -0.042597 0.945683
23.700000 4.608584 -4.315838 9.457274 -0.268667 0.201268 -0.013142 0.941879
23.800000 4.001278 -4.975660 9.473540 -0.253765 0.254634 0.029057 0.932695
23.900000 3.385836 -5.648746 9.490213 -0.242849 0.283684 0.064430 0.925417
24.000000 2.746770 -6.299989 9.510223 -0.241914 0.265747 0.077557 0.929968
24.100000 2.104195 -6.979293 9.529141 -0.250431 0.217239 0.070852 0.940782
24.200000 1.425437 -7.611843 9.551615 -0.266012 0.166036 0.051898 0.948143
24.300000 0.738680 -8.264612 9.571531 -0.286031 0.136173 0.028359 0.948071
24.400000 0.029268 -8.906340 9.588579 -0.301990 0.128986 0.006951 0.944519
24.500000 -0.731474 -9.487362 9.597720 -0.303455 0.139013 -0.005990 0.942632
24.600000 -1.521942 -10.082047 9.592695 -0.283534 0.160115 -0.006096 0.945481
24.700000 -2.353179 -10.711856 9.615480 -0.252854 0.183492 0.001977 0.949943
24.800000 -3.223127 -11.346550 9.643166 -0.227670 0.199892 0.010977 0.952937
24.900000 -4.055759 -12.056570 9.625937 -0.220888 0.202520 0.014778 0.953927
25.000000 -4.959040 -12.736334 9.555927 -0.227198 0.194141 0.012370 0.954221
25.100000 -5.847205 -13.495125 9.482193 -0.235851 0.180110 0.004204 0.954944
25.200000 -6.790625 -14.309814 9.388551 -0.238435 0.165099 -0.009127 0.956979
25.300000 -7.793104 -15.219532 9.291098 -0.237293 0.150467 -0.026405 0.959351
25.400000 -8.739163 -16.197996 9.231406 -0.237869 0.136613 -0.046223 0.960530
25.500000 -9.720032 -17.214157 9.171098 -0.244313 0.123439 -0.067267 0.959452
25.600000 -10.694639 -18.252312 9.119882 -0.254705 0.108437 -0.088684 0.956819
25.700000 -11.660422 -19.305693 9.076022 -0.265355 0.088408 -0.109741 0.953796
25.800000 -12.667033 -20.380290 9.025066 -0.272656 0.061549 -0.129281 0.951397
25.900000 -13.663664 -21.555063 8.992493 -0.273552 0.032481 -0.144142 0.950440
26.000000 -14.700501 -22.631804 9.014106 -0.264934 0.007959 -0.151182 0.952308
26.100000 -15.698500 -23.682487 8.863551 -0.246359 -0.006805 -0.148045 0.957781
