0.000000 0.002102 -0.001462 -0.000931 0.000918 0.000644 -0.000776 0.999999
0.000000 0.100901 -0.070305 -0.080531 0.010159 0.007056 -0.008521 0.999887
0.000000 0.247749 -0.176961 -0.329720 0.019025 0.013637 -0.016350 0.999592
0.000000 0.362598 -0.279727 -0.770096 0.011973 0.027464 -0.027883 0.999162
0.000000 0.397034 -0.386417 -1.384491 -0.019079 0.051636 -0.044145 0.997507
0.000000 0.380124 -0.520726 -2.166667 -0.058698 0.076591 -0.057820 0.993652
0.000000 0.442392 -0.677750 -3.147928 -0.086400 0.090204 -0.059942 0.990356
0.000000 0.433769 -0.823692 -4.339616 -0.088766 0.085076 -0.045703 0.991360
0.000000 0.362978 -0.950293 -5.762995 -0.075969 0.069292 -0.024062 0.994409
0.000000 0.327507 -1.063947 -7.409570 -0.063275 0.054308 -0.006963 0.996493
0.000000 0.352183 -1.162547 -9.252804 -0.061551 0.048077 -0.002849 0.996941
0.000000 0.410880 -1.240858 -11.290312 -0.066029 0.046016 -0.007871 0.996725
0.000000 0.545014 -1.334297 -13.502802 -0.068560 0.040829 -0.015542 0.996690
0.000000 0.741358 -1.456790 -15.890875 -0.062947 0.027405 -0.020282 0.997434
0.000000 0.894886 -1.531339 -18.491869 -0.049729 0.008174 -0.019654 0.998536
0.000000 1.115189 -1.656056 -21.264922 -0.030896 -0.012809 -0.011901 0.999370
0.000000 1.360115 -1.805017 -24.224648 -0.009362 -0.032160 0.003226 0.999434
0.000000 1.628159 -1.978469 -27.371630 0.008827 -0.048854 0.020798 0.998550
0.000000 1.845008 -2.088673 -30.734337 0.016962 -0.062399 0.034789 0.997301
0.000000 2.096031 -2.237744 -34.279847 0.012167 -0.073187 0.041518 0.996379
0.000000 2.315467 -2.339451 -38.033056 0.004734 -0.084560 0.045314 0.995376
0.000000 2.543222 -2.445792 -41.978566 0.007771 -0.100482 0.052217 0.993537
0.000000 2.764730 -2.534315 -46.121377 0.028268 -0.122241 0.064774 0.989981
0.000000 2.992234 -2.625641 -50.457220 0.052125 -0.142118 0.073595 0.985733
0.000000 3.257383 -2.786831 -54.977406 0.060801 -0.150728 0.066879 0.984435
0.000000 3.526168 -2.955350 -59.692638 0.044169 -0.143099 0.039590 0.987929
0.000000 3.767094 -3.065878 -64.611693 0.021053 -0.129343 0.010027 0.991326
0.000000 3.976921 -3.103122 -69.733672 0.016644 -0.123366 0.001663 0.992220
0.000000 4.171356 -3.089365 -75.051489 0.045018 -0.132837 0.027589 0.989731
0.000000 4.343166 -2.996906 -80.563142 0.081786 -0.143401 0.064988 0.984136
0.000000 4.511805 -2.870618 -86.263446 0.094605 -0.136876 0.083528 0.982516
0.000000 4.673985 -2.703021 -92.152234 0.064788 -0.103131 0.064357 0.990467
0.000000 4.822115 -2.470285 -98.228434 0.019922 -0.058406 0.027463 0.997716
0.000000 4.972028 -2.226133 -104.492548 -0.001881 -0.025656 0.001752 0.999668
0.000000 5.108557 -1.921024 -110.943130 0.024736 -0.021555 0.007429 0.999434
0.000000 5.250795 -1.624633 -117.585336 0.080668 -0.039317 0.034187 0.995378
0.000000 5.416635 -1.405756 -124.426278 0.137147 -0.067096 0.065119 0.986128
0.000000 5.606919 -1.271865 -131.468466 0.173115 -0.094736 0.087464 0.976425
0.000000 5.810009 -1.182454 -138.709409 0.192857 -0.117147 0.102193 0.968834
0.000000 5.987481 -0.994931 -146.136445 0.205846 -0.130234 0.113111 0.963261
0.000000 6.166072 -0.809474 -153.758066 0.219167 -0.131651 0.123441 0.958851
0.000000 6.332501 -0.576701 -161.569240 0.232123 -0.125252 0.134599 0.955151
0.000000 6.482385 -0.280277 -169.567466 0.242354 -0.116222 0.147617 0.951822
0.000000 6.649325 -0.048161 -177.766102 0.248681 -0.109449 0.162696 0.948530
0.000000 6.820102 0.169094 -186.160205 0.253910 -0.108748 0.177138 0.944630
0.000000 6.999951 0.351299 -194.752196 0.261697 -0.117703 0.187622 0.939393
0.000000 7.163432 0.594355 -203.529458 0.272337 -0.137143 0.190706 0.933089
0.000000 7.325575 0.839316 -212.497952 0.274828 -0.158536 0.182711 0.930566
0.000000 7.497835 1.039874 -221.663036 0.255823 -0.171387 0.159961 0.937866
0.000000 7.666881 1.243350 -231.015629 0.209216 -0.168528 0.122064 0.955472
0.000000 7.822024 1.485000 -240.543777 0.155941 -0.155421 0.081367 0.972063
0.000000 7.970864 1.731714 -250.242022 0.124224 -0.141423 0.053850 0.980647
0.000000 8.126017 1.939680 -260.100653 0.133001 -0.134919 0.050117 0.980610
0.000000 8.298321 2.124881 -270.093831 0.166635 -0.138283 0.060948 0.974370
0.000000 8.507241 2.357161 -280.227723 0.202028 -0.152553 0.072859 0.964678
0.000000 8.749332 2.572836 -290.528579 0.222437 -0.177037 0.076559 0.955677
0.000000 8.985359 2.711076 -301.064467 0.231786 -0.203953 0.076689 0.948049
0.000000 9.184193 2.813061 -311.896482 0.238399 -0.223989 0.080856 0.941519
0.000000 9.375603 2.853223 -323.007235 0.247606 -0.230671 0.092900 0.936404
0.000000 9.569733 2.826659 -334.385458 0.254262 -0.227093 0.103629 0.934366
0.000000 9.799546 2.735411 -345.960709 0.251039 -0.218449 0.101083 0.937572
0.000000 10.000024 2.668373 -357.765090 0.232680 -0.208748 0.078113 0.946669
0.000000 10.166880 2.636712 -369.791419 0.201443 -0.198220 0.044337 0.958209
0.000000 10.279044 2.654239 -382.059397 0.161551 -0.186560 0.013110 0.968981
0.000000 10.329491 2.710782 -394.573543 0.117667 -0.174268 -0.005635 0.977626
0.000000 10.336773 2.762395 -407.301563 0.074507 -0.163367 -0.014116 0.983647
0.000000 10.267675 2.767048 -420.188677 0.036753 -0.156207 -0.017179 0.986891
0.000000 10.151895 2.669283 -433.189101 0.008378 -0.154257 -0.018854 0.987815
0.000000 10.067381 2.562730 -446.384903 -0.009040 -0.155779 -0.020362 0.987541
0.000000 9.936277 2.481384 -459.784809 -0.014457 -0.158300 -0.022319 0.987033
0.000000 9.879056 2.382334 -473.345313 -0.007075 -0.160520 -0.024431 0.986705
0.000000 9.740582 2.292660 -487.061799 0.013099 -0.165307 -0.023267 0.985881
0.000000 9.603935 2.190089 -500.934058 0.045868 -0.176335 -0.014723 0.983151
0.000000 9.404017 2.090562 -515.003986 0.087799 -0.194866 0.002809 0.976888
0.000000 9.287653 1.975678 -529.330366 0.124538 -0.214563 0.022306 0.968481
0.000000 9.219722 1.858129 -543.906546 0.139707 -0.228076 0.034924 0.962935
0.000000 9.153534 1.759541 -558.702446 0.124708 -0.230582 0.035160 0.964388
0.000000 9.079479 1.704780 -573.687063 0.096992 -0.224746 0.028762 0.969152
0.000000 9.037827 1.706573 -588.810420 0.079748 -0.215110 0.023925 0.973034
0.000000 9.086488 1.716235 -604.070842 0.088182 -0.206390 0.027074 0.974112
0.000000 9.175969 1.723789 -619.502218 0.109338 -0.202555 0.038358 0.972391
0.000000 9.233631 1.789442 -635.084199 0.124261 -0.207494 0.056591 0.968660
0.000000 9.298009 1.829762 -650.846199 0.119390 -0.222061 0.078916 0.964472
0.000000 9.322688 1.790336 -666.763274 0.099533 -0.236152 0.096651 0.961761
0.000000 9.387000 1.695183 -682.850749 0.073543 -0.237528 0.099944 0.963423
0.000000 9.481774 1.611196 -699.147816 0.047612 -0.218900 0.082759 0.971065
0.000000 9.610079 1.524083 -715.666692 0.018692 -0.189672 0.052082 0.980287
0.000000 9.749722 1.461608 -732.380621 -0.018108 -0.163070 0.017828 0.986287
0.000000 9.988747 1.388184 -749.378760 -0.063471 -0.149641 -0.010652 0.986644
0.000000 10.313109 1.266959 -766.660153 -0.104156 -0.149842 -0.026402 0.982854
0.000000 10.699808 1.144459 -784.172913 -0.124163 -0.162165 -0.023060 0.978649
0.000000 11.125915 1.012326 -801.893235 -0.114588 -0.183456 0.001089 0.976326
0.000000 11.516940 0.863367 -819.780953 -0.090686 -0.204847 0.031732 0.974067
0.000000 11.975994 0.726021 -837.854588 -0.073220 -0.216777 0.051108 0.972129
0.000000 12.430554 0.586621 -856.096861 -0.076558 -0.214065 0.048580 0.972602
0.000000 12.846482 0.440966 -874.528476 -0.092190 -0.204551 0.037729 0.973774
0.000000 13.303434 0.306234 -893.153982 -0.106731 -0.198941 0.037342 0.973466
0.000000 13.668504 0.153755 -911.985520 -0.110648 -0.203673 0.058864 0.970984
0.000000 14.107811 0.023631 -931.023957 -0.107422 -0.209803 0.088251 0.967809
0.000000 14.614592 -0.077468 -950.296432 -0.103483 -0.205416 0.106093 0.967388
0.000000 15.137000 -0.165876 -969.796206 -0.103131 -0.183412 0.100111 0.972472
0.000000 15.607477 -0.270798 -989.483890 -0.102889 -0.152487 0.082288 0.979485
0.000000 16.007582 -0.401918 -1009.340285 -0.097770 -0.124997 0.069940 0.984848
0.000000 16.499974 -0.509214 -1029.409790 -0.084521 -0.110237 0.075384 0.987432
0.000000 16.982900 -0.624387 -1049.654907 -0.065158 -0.105841 0.093176 0.987862
0.000000 17.468731 -0.735156 -1070.085860 -0.042798 -0.106900 0.114034 0.986781
0.000000 18.032382 -0.812009 -1090.717153 -0.020680 -0.108946 0.130488 0.985229
0.000000 18.538702 -0.896528 -1111.538866 -0.002304 -0.108831 0.141185 0.983980
0.000000 19.113776 -0.955315 -1132.568610 0.008797 -0.103698 0.146101 0.983780
0.000000 19.660866 -1.034187 -1153.796966 0.010520 -0.092333 0.145796 0.984940
0.000000 20.301369 -1.105984 -1175.246137 0.005672 -0.079226 0.142870 0.986549
0.000000 20.868150 -1.226928 -1196.889192 -0.001889 -0.070107 0.140383 0.987610
0.000000 21.401802 -1.377305 -1218.729602 -0.008450 -0.068907 0.140308 0.987671
0.000000 22.007233 -1.541873 -1240.791341 -0.010793 -0.073271 0.140719 0.987276
0.000000 22.516239 -1.716827 -1263.026225 -0.005811 -0.079493 0.138848 0.987101
0.000000 22.954658 -1.890657 -1285.437289 0.006810 -0.084734 0.132621 0.987515
0.000000 23.447653 -2.060389 -1308.058681 0.017711 -0.089184 0.122438 0.988302
0.000000 23.894642 -2.213052 -1330.857544 0.015470 -0.093707 0.109273 0.989464
0.000000 24.338981 -2.338496 -1353.841944 -0.004857 -0.099364 0.095157 0.990479
