1643091436.195984 0.000000 0.000000 0.000000 0.000000 0.000000 0.000000 1.000000
1643091436.295867 -0.004525 0.006857 -0.000494 -0.006015 -0.011947 -0.008334 0.999876
1643091436.395782 0.000513 0.009984 0.001395 -0.004822 -0.034913 -0.000056 0.999379
1643091436.495717 -0.000535 0.007505 0.002166 0.004273 -0.040378 0.009707 0.999128
1643091436.595801 0.005939 0.009598 0.004307 0.006126 -0.043911 0.014608 0.998910
1643091436.695988 0.004647 0.010215 0.004332 -0.000933 -0.047838 0.012075 0.998782
1643091436.796103 0.006665 0.012174 0.012240 -0.006505 -0.061792 0.006781 0.998045
1643091436.896057 0.002809 0.006519 0.013953 -0.016072 -0.071524 0.012368 0.997233
1643091436.995924 0.009275 0.013139 0.017899 -0.017701 -0.077288 0.015002 0.996739
1643091437.095913 0.016124 0.013375 0.024465 -0.027561 -0.095070 0.020933 0.994869
1643091437.195745 0.012147 0.007265 0.021369 -0.030555 -0.099696 0.026171 0.994204
1643091437.295563 0.016024 0.010698 0.021717 -0.023154 -0.103160 0.028492 0.993987
1643091437.395402 0.011685 0.006603 0.021131 -0.021864 -0.122552 0.024599 0.991916
1643091437.495264 0.019425 0.008053 0.024727 -0.013666 -0.132515 0.022157 0.990839
1643091437.595174 0.014825 0.000833 0.023530 -0.015168 -0.139901 0.021580 0.989814
1643091437.695145 0.013781 0.000861 0.021778 -0.026961 -0.157461 0.018889 0.986976
1643091437.795141 0.014031 -0.000901 0.023999 -0.026829 -0.174774 0.023935 0.983952
1643091437.895132 0.014181 -0.001193 0.024005 -0.022589 -0.177975 0.029840 0.983323
1643091437.995163 0.012766 -0.002897 0.026694 -0.021129 -0.181324 0.034981 0.982574
1643091438.095386 0.016583 -0.004909 0.029533 -0.019595 -0.203873 0.028035 0.978400
1643091438.195497 0.016947 -0.004633 0.030044 -0.030289 -0.219179 0.027255 0.974834
1643091438.295627 0.019162 -0.005798 0.035466 -0.040415 -0.234576 0.031972 0.970731
1643091438.395707 0.016743 -0.001217 0.029182 -0.047321 -0.240464 0.037647 0.968773
1643091438.495715 0.014565 0.000644 0.045660 -0.038947 -0.243469 0.041044 0.968257
1643091438.595698 0.008121 0.011450 0.035331 -0.042742 -0.253828 0.055345 0.964718
1643091438.695654 0.006503 0.011861 0.030989 -0.048235 -0.276493 0.049717 0.958516
1643091438.795565 0.006782 0.014029 0.035892 -0.051803 -0.283046 0.031849 0.957177
1643091438.895438 0.009721 0.020058 0.039077 -0.039625 -0.291603 0.023184 0.955437
1643091438.995290 0.006356 0.017903 0.049987 -0.037869 -0.293399 0.027240 0.954851
1643091439.095358 0.007457 0.006612 0.053845 -0.039097 -0.292417 0.028509 0.955066
1643091439.195292 0.004880 0.017556 0.066648 -0.036414 -0.292967 0.028945 0.954990
1643091439.295221 0.008621 0.020336 0.084074 -0.035782 -0.293544 0.028471 0.954851
1643091439.395165 0.007238 0.027637 0.104000 -0.032837 -0.292027 0.026484 0.955479
1643091439.495225 0.015291 0.045828 0.120393 -0.031029 -0.291675 0.027416 0.955621
1643091439.595494 0.016550 0.059620 0.150201 -0.035086 -0.288934 0.033576 0.956117
1643091439.695866 0.028786 0.076054 0.171395 -0.041161 -0.288695 0.041740 0.955625
1643091439.795922 0.038621 0.097659 0.192528 -0.042787 -0.288903 0.044965 0.955344
1643091439.895744 0.050046 0.102344 0.228280 -0.039487 -0.287436 0.041716 0.956076
1643091439.995373 0.065466 0.117761 0.262375 -0.027309 -0.288446 0.031649 0.956583
1643091440.095240 0.082705 0.133596 0.293891 -0.017826 -0.291006 0.023805 0.956259
1643091440.195077 0.103891 0.163493 0.332061 -0.006638 -0.291979 0.015095 0.956282
1643091440.294989 0.121244 0.179008 0.375460 -0.000326 -0.293323 0.009669 0.955964
1643091440.395069 0.135212 0.194498 0.420465 0.004030 -0.292642 0.005812 0.956196
1643091440.495141 0.150621 0.212918 0.461461 0.009943 -0.293798 0.001401 0.955815
1643091440.595345 0.156648 0.231053 0.504310 0.016295 -0.292922 -0.002289 0.955995
1643091440.695703 0.172439 0.222411 0.554613 0.015347 -0.292762 -0.001095 0.956062
1643091440.796058 0.193093 0.220252 0.603949 0.016404 -0.293804 -0.001359 0.955724
1643091440.896385 0.205196 0.248319 0.648335 0.024033 -0.294158 -0.007356 0.955426
1643091440.996722 0.226387 0.252038 0.701745 0.023469 -0.295430 -0.006537 0.955054
1643091441.097257 0.254552 0.276722 0.743129 0.027083 -0.299046 -0.006237 0.953834
1643091441.197533 0.280788 0.284227 0.793782 0.026922 -0.302683 -0.003828 0.952703
1643091441.297725 0.302079 0.307066 0.840249 0.031957 -0.306401 -0.005046 0.951353
1643091441.397712 0.317616 0.311951 0.896759 0.033192 -0.307356 -0.002970 0.951011
1643091441.497534 0.338412 0.329511 0.954780 0.037462 -0.309052 -0.005356 0.950292
1643091441.597254 0.362182 0.332119 1.013935 0.040345 -0.312173 -0.006170 0.949148
1643091441.696826 0.372587 0.347726 1.071419 0.049725 -0.312137 -0.011998 0.948659
1643091441.796304 0.389202 0.345633 1.128260 0.058799 -0.313314 -0.018353 0.947650
1643091441.895791 0.408039 0.351067 1.183704 0.075849 -0.313857 -0.030690 0.945938
1643091441.995459 0.426423 0.342946 1.241170 0.094832 -0.312935 -0.044402 0.943985
1643091442.095555 0.450828 0.334571 1.299940 0.117442 -0.312866 -0.061189 0.940520
1643091442.195714 0.474003 0.320462 1.361478 0.140225 -0.311543 -0.079922 0.936424
1643091442.296023 0.482937 0.296357 1.413848 0.162611 -0.307116 -0.096130 0.932736
1643091442.396387 0.486584 0.268005 1.468642 0.188541 -0.301191 -0.112824 0.927905
1643091442.496728 0.499740 0.236736 1.526820 0.219730 -0.293700 -0.132366 0.920836
1643091442.597033 0.496881 0.194774 1.567044 0.245791 -0.287037 -0.148086 0.913930
1643091442.697313 0.479896 0.141183 1.597942 0.273190 -0.284065 -0.159215 0.905166
1643091442.797442 0.476559 0.084076 1.622483 0.291802 -0.276738 -0.169474 0.899748
1643091442.897497 0.446226 0.017952 1.621355 0.318841 -0.268520 -0.178888 0.891200
1643091442.997296 0.421116 -0.037043 1.630007 0.342888 -0.262890 -0.188109 0.882005
1643091443.097078 0.447349 -0.076807 1.674211 0.378438 -0.253193 -0.205995 0.866166
1643091443.196657 0.441932 -0.136497 1.695439 0.403696 -0.238092 -0.217465 0.856184
1643091443.296276 0.438313 -0.200836 1.710323 0.433064 -0.217259 -0.230491 0.843877
1643091443.396096 0.440404 -0.260662 1.724011 0.464113 -0.193712 -0.244624 0.828996
1643091443.496047 0.419491 -0.331936 1.705913 0.479793 -0.171527 -0.248669 0.823736
1643091443.596248 0.406300 -0.385050 1.690530 0.496000 -0.152795 -0.255489 0.815698
1643091443.696372 0.397632 -0.447983 1.679413 0.513364 -0.126890 -0.262347 0.807174
1643091443.796579 0.374219 -0.512028 1.648692 0.525621 -0.103069 -0.263339 0.802341
1643091443.896751 0.366906 -0.566607 1.619902 0.536289 -0.081317 -0.266862 0.796597
1643091443.996863 0.357650 -0.626183 1.581139 0.546836 -0.059314 -0.268746 0.790714
1643091444.097039 0.347878 -0.675339 1.537956 0.554741 -0.038970 -0.270148 0.785980
1643091444.197025 0.338458 -0.725716 1.488028 0.564105 -0.018528 -0.271801 0.779465
1643091444.296977 0.328715 -0.767361 1.437303 0.571860 0.003917 -0.273254 0.773494
1643091444.396890 0.313806 -0.807638 1.383716 0.579517 0.026004 -0.273681 0.767192
1643091444.496814 0.298287 -0.839627 1.324649 0.585230 0.046922 -0.275153 0.761311
1643091444.596812 0.275406 -0.867234 1.257386 0.590193 0.066000 -0.276170 0.755676
1643091444.696965 0.248318 -0.890401 1.188010 0.594237 0.082512 -0.276071 0.750905
1643091444.797191 0.219307 -0.906577 1.118596 0.597520 0.096890 -0.276805 0.746298
1643091444.897438 0.189196 -0.919106 1.047482 0.599457 0.109477 -0.276029 0.743286
1643091444.997669 0.156660 -0.929015 0.978542 0.599961 0.119482 -0.277060 0.740951
1643091445.097882 0.122403 -0.938800 0.908333 0.601065 0.129237 -0.277815 0.738131
1643091445.197942 0.084751 -0.943823 0.840250 0.601516 0.134371 -0.278481 0.736594
1643091445.297920 0.043096 -0.954915 0.763679 0.602832 0.139276 -0.278613 0.734555
1643091445.397847 0.006914 -0.964575 0.703463 0.603860 0.144121 -0.278497 0.732817
1643091445.497636 -0.042168 -0.974280 0.610109 0.605415 0.149686 -0.279495 0.730034
1643091445.597378 -0.072000 -0.978566 0.558552 0.606928 0.152795 -0.280281 0.727828
1643091445.697140 -0.111921 -0.991227 0.492395 0.606614 0.159620 -0.280443 0.726562
1643091445.796891 -0.155065 -1.004474 0.429493 0.605178 0.168138 -0.278976 0.726403
1643091445.896627 -0.210486 -1.018671 0.360293 0.604124 0.174340 -0.280351 0.725288
1643091445.996526 -0.260933 -1.021255 0.294902 0.603824 0.178659 -0.280990 0.724239
1643091446.096640 -0.315053 -1.034907 0.231230 0.603818 0.183181 -0.280425 0.723333
1643091446.196599 -0.392321 -1.044911 0.155341 0.602553 0.186606 -0.281109 0.723246
1643091446.296468 -0.419717 -1.054156 0.115366 0.599308 0.191659 -0.282181 0.724204
1643091446.396414 -0.470224 -1.075408 0.059955 0.599680 0.192731 -0.277425 0.725447
1643091446.496424 -0.539623 -1.103251 0.007884 0.593862 0.190715 -0.275955 0.731303
1643091446.596303 -0.625144 -1.164567 -0.043094 0.587005 0.194547 -0.280529 0.734085
1643091446.696155 -0.679799 -1.209750 -0.100620 0.582967 0.195442 -0.280652 0.737011
1643091446.796034 -0.677659 -1.207556 -0.155555 0.576676 0.196436 -0.299822 0.734142
1643091446.895976 -0.806103 -1.244648 -0.232357 0.575881 0.195743 -0.301932 0.734087
1643091446.996008 -0.855226 -1.267081 -0.268889 0.570196 0.200410 -0.306693 0.735290
1643091447.096222 -0.874098 -1.268037 -0.300313 0.569147 0.203533 -0.310698 0.733562
1643091447.196282 -0.920454 -1.230967 -0.410641 0.562336 0.201459 -0.319984 0.735392
1643091447.296412 -0.965548 -1.248346 -0.444781 0.563026 0.199962 -0.322228 0.734293
1643091447.396507 -1.076127 -1.292579 -0.550917 0.560006 0.200813 -0.324935 0.735177
1643091447.496554 -1.137233 -1.283444 -0.677590 0.549791 0.202785 -0.337578 0.736647
1643091447.596553 -1.162647 -1.300725 -0.700604 0.545223 0.205609 -0.340192 0.738055
1643091447.696537 -1.225720 -1.335403 -0.755985 0.540298 0.207150 -0.343358 0.739778
1643091447.796537 -1.286268 -1.379331 -0.815693 0.532423 0.210424 -0.349165 0.741844
1643091447.896603 -1.379057 -1.401065 -0.823251 0.532007 0.206318 -0.350975 0.742440
1643091447.996686 -1.448387 -1.426847 -0.867170 0.529533 0.204655 -0.351798 0.744277
1643091448.096838 -1.520373 -1.453008 -0.915142 0.530926 0.200116 -0.352821 0.744036
1643091448.196788 -1.570953 -1.489697 -0.957401 0.526547 0.204009 -0.357332 0.743937
1643091448.296673 -1.594583 -1.489568 -1.002820 0.521747 0.203771 -0.369501 0.741436
1643091448.396461 -1.657312 -1.518399 -1.036796 0.521793 0.206396 -0.371834 0.739508
1643091448.496264 -1.747404 -1.551426 -1.081321 0.522221 0.210000 -0.370489 0.738866
1643091448.596184 -1.786031 -1.572280 -1.107913 0.519422 0.212253 -0.373857 0.738499
1643091448.696215 -1.867105 -1.617756 -1.144796 0.517113 0.214640 -0.377336 0.737660
1643091448.796279 -1.932958 -1.664125 -1.193697 0.510679 0.220056 -0.381813 0.738242
1643091448.896338 -1.986653 -1.688966 -1.210361 0.512253 0.219420 -0.379416 0.738576
1643091448.996414 -2.060573 -1.731806 -1.248585 0.510048 0.219816 -0.381818 0.738747
1643091449.096566 -2.157391 -1.769179 -1.288554 0.511351 0.216793 -0.383013 0.738121
1643091449.196492 -2.238146 -1.820889 -1.333081 0.508955 0.217317 -0.384994 0.738592
1643091449.296333 -2.278370 -1.839294 -1.347069 0.508271 0.217102 -0.382823 0.740253
1643091449.396168 -2.305754 -1.850987 -1.355117 0.511065 0.212998 -0.381937 0.739979
1643091449.495949 -2.429604 -1.893074 -1.396467 0.513238 0.209201 -0.381511 0.739778
1643091449.595734 -2.465757 -1.911015 -1.421395 0.512975 0.211119 -0.379986 0.740200
1643091449.695643 -2.508565 -1.926074 -1.448893 0.509254 0.210092 -0.383561 0.741217
1643091449.795612 -2.557092 -1.941778 -1.470762 0.510473 0.207183 -0.380773 0.742633
1643091449.895589 -2.710434 -1.997445 -1.526492 0.511892 0.203628 -0.381200 0.742421
1643091449.995558 -2.758842 -2.025906 -1.550463 0.513820 0.205022 -0.378995 0.741834
1643091450.095614 -2.859575 -2.077673 -1.606527 0.513936 0.206625 -0.377656 0.741991
1643091450.195544 -2.920774 -2.114047 -1.646475 0.510917 0.208359 -0.379017 0.742897
1643091450.295515 -3.061348 -2.191129 -1.728030 0.510806 0.209320 -0.378561 0.742936
1643091450.395497 -3.081935 -2.203510 -1.739968 0.509591 0.209801 -0.377726 0.744059
1643091450.495545 -3.184745 -2.262965 -1.808717 0.508761 0.209058 -0.378595 0.744394
1643091450.595609 -3.190406 -2.266204 -1.811241 0.509726 0.207914 -0.377630 0.744544
1643091450.695617 -3.254209 -2.303381 -1.845718 0.510808 0.207176 -0.376324 0.744670
1643091450.795648 -3.354269 -2.343386 -1.899898 0.511416 0.204029 -0.374123 0.746229
1643091450.895678 -3.417091 -2.368813 -1.947034 0.512512 0.198585 -0.374332 0.746841
1643091450.995724 -3.503386 -2.422267 -2.017093 0.514091 0.197520 -0.372982 0.746713
1643091451.095957 -3.550674 -2.455175 -2.059733 0.511903 0.196376 -0.375294 0.747359
1643091451.196104 -3.624630 -2.507452 -2.130219 0.514024 0.195346 -0.374787 0.746427
1643091451.296143 -3.647839 -2.520207 -2.148635 0.514231 0.193470 -0.373955 0.747191
1643091451.396114 -3.654814 -2.524448 -2.154065 0.515882 0.192936 -0.373003 0.746666
1643091451.496054 -3.688721 -2.545465 -2.185760 0.517584 0.191771 -0.372867 0.745855
1643091451.596001 -3.799386 -2.613046 -2.282361 0.517196 0.190555 -0.373138 0.746300
1643091451.695992 -3.872241 -2.671295 -2.341760 0.517543 0.190986 -0.370091 0.747467
1643091451.795966 -3.914496 -2.703297 -2.376386 0.516782 0.190427 -0.368581 0.748881
1643091451.895890 -4.014370 -2.777869 -2.461418 0.516179 0.190058 -0.370063 0.748660
1643091451.995732 -4.096130 -2.836357 -2.524370 0.516810 0.188566 -0.369354 0.748951
1643091452.095705 -4.168195 -2.888901 -2.580090 0.518436 0.187944 -0.366374 0.749447
1643091452.195599 -4.272148 -2.967547 -2.675412 0.518987 0.186684 -0.365152 0.749977
1643091452.295476 -4.368440 -3.030702 -2.769876 0.519273 0.184278 -0.365762 0.750077
1643091452.395419 -4.416339 -3.063925 -2.816427 0.519348 0.183214 -0.364901 0.750705
1643091452.495394 -4.512815 -3.123044 -2.905580 0.520078 0.181006 -0.363922 0.751210
1643091452.595391 -4.521343 -3.129297 -2.913367 0.519853 0.181961 -0.363032 0.751566
1643091452.695255 -4.523893 -3.130951 -2.915769 0.520688 0.181811 -0.364202 0.750456
1643091452.795196 -4.595932 -3.179020 -2.988200 0.519975 0.183150 -0.363035 0.751191
1643091452.895184 -4.664018 -3.231788 -3.044672 0.520895 0.183220 -0.362556 0.750767
1643091452.995191 -4.733023 -3.290140 -3.105912 0.519703 0.186664 -0.362121 0.750955
1643091453.095301 -4.771075 -3.319428 -3.138466 0.521212 0.187523 -0.363319 0.749115
1643091453.195231 -4.932453 -3.466728 -3.300293 0.519933 0.196206 -0.363495 0.747693
1643091453.295211 -5.032883 -3.536614 -3.354547 0.520171 0.199689 -0.360662 0.747977
1643091453.395422 -5.038828 -3.540395 -3.358287 0.519455 0.201712 -0.361777 0.747393
1643091453.495738 -5.109740 -3.586120 -3.394846 0.519499 0.202173 -0.361349 0.747445
1643091453.596082 -5.120826 -3.593651 -3.403001 0.518911 0.203604 -0.359558 0.748328
1643091453.696396 -5.170947 -3.625447 -3.437289 0.517979 0.201203 -0.361144 0.748859
1643091453.796589 -5.278700 -3.682250 -3.504155 0.515480 0.202154 -0.360217 0.750772
1643091453.896644 -5.396896 -3.769698 -3.585723 0.514836 0.203733 -0.360225 0.750782
1643091453.996510 -5.487783 -3.819118 -3.652554 0.515665 0.202110 -0.359673 0.750918
1643091454.096483 -5.619354 -3.897811 -3.745611 0.514860 0.202616 -0.358280 0.751998
1643091454.196261 -5.637641 -3.909321 -3.758824 0.515437 0.202497 -0.358453 0.751552
1643091454.296175 -5.708583 -3.951719 -3.835128 0.515274 0.203644 -0.360414 0.750416
1643091454.396075 -5.838498 -4.019561 -3.917712 0.515464 0.203359 -0.361116 0.750025
1643091454.495959 -5.910314 -4.050819 -3.982078 0.516709 0.201005 -0.361936 0.749407
1643091454.595953 -5.921659 -4.057342 -3.992019 0.517561 0.200799 -0.359894 0.749858
1643091454.696034 -5.951931 -4.073919 -4.017061 0.517443 0.197204 -0.360873 0.750423
1643091454.796125 -6.053857 -4.126766 -4.104902 0.516848 0.194429 -0.360804 0.751589
1643091454.896262 -6.084344 -4.142337 -4.131109 0.515618 0.190827 -0.363358 0.752126
1643091454.996363 -6.217919 -4.221929 -4.261938 0.516729 0.189826 -0.363968 0.751322
1643091455.096618 -6.260953 -4.240153 -4.300565 0.515375 0.184381 -0.365783 0.752725
1643091455.196668 -6.347077 -4.292438 -4.384577 0.514661 0.180627 -0.366710 0.753672
1643091455.296728 -6.396279 -4.319373 -4.430334 0.514074 0.177703 -0.366820 0.754714
1643091455.396787 -6.483726 -4.373782 -4.517776 0.514098 0.174532 -0.370941 0.753422
1643091455.496773 -6.583270 -4.424280 -4.600864 0.517166 0.171562 -0.370424 0.752258
1643091455.596664 -6.661398 -4.444591 -4.649293 0.519880 0.163590 -0.374751 0.750016
1643091455.696474 -6.688969 -4.455388 -4.666751 0.522252 0.162343 -0.372999 0.749513
1643091455.796340 -6.775506 -4.491335 -4.742988 0.523323 0.164214 -0.373543 0.748086
1643091455.896250 -6.867470 -4.535423 -4.800984 0.525541 0.164009 -0.375887 0.745397
1643091455.996195 -6.884086 -4.546836 -4.812514 0.527352 0.167396 -0.375605 0.743504
1643091456.096245 -6.968076 -4.595112 -4.864381 0.527954 0.171061 -0.376140 0.741971
1643091456.196065 -7.097071 -4.651616 -4.952280 0.530354 0.172610 -0.378084 0.738907
1643091456.295831 -7.211781 -4.712350 -5.023362 0.531962 0.176354 -0.375942 0.737959
1643091456.395523 -7.224030 -4.717369 -5.032433 0.533179 0.176349 -0.376461 0.736816
1643091456.495373 -7.300896 -4.749754 -5.082804 0.535172 0.174922 -0.375707 0.736096
1643091456.595296 -7.319396 -4.758762 -5.097271 0.536182 0.173683 -0.376667 0.735163
1643091456.695233 -7.407774 -4.844041 -5.199976 0.536317 0.175870 -0.378693 0.733502
1643091456.795242 -7.538608 -4.938875 -5.265271 0.535913 0.178001 -0.378768 0.733244
1643091456.895240 -7.603325 -4.986290 -5.328718 0.536923 0.179341 -0.381280 0.730873
1643091456.995277 -7.641442 -5.001719 -5.350249 0.536708 0.179639 -0.381320 0.730937
1643091457.095510 -7.749458 -5.094791 -5.466778 0.532675 0.182899 -0.385134 0.731079
1643091457.195570 -7.801437 -5.140533 -5.509220 0.531377 0.185522 -0.386440 0.730674
1643091457.295666 -7.858960 -5.159307 -5.543072 0.531229 0.182601 -0.384888 0.732334
1643091457.395761 -7.952336 -5.221217 -5.608683 0.528566 0.183594 -0.386818 0.732996
1643091457.495845 -7.984299 -5.241697 -5.636464 0.527370 0.186246 -0.388005 0.732560
1643091457.595951 -8.064747 -5.293936 -5.688725 0.525977 0.189276 -0.386919 0.733360
1643091457.696064 -8.135389 -5.334653 -5.738928 0.525487 0.189048 -0.385620 0.734453
1643091457.796068 -8.236532 -5.390551 -5.805437 0.523335 0.189554 -0.385233 0.736061
1643091457.895947 -8.297270 -5.431026 -5.849016 0.521920 0.192976 -0.386406 0.735561
1643091457.995770 -8.408640 -5.482426 -5.926876 0.521512 0.195592 -0.386466 0.735128
1643091458.095733 -8.410801 -5.483347 -5.928223 0.521085 0.197731 -0.387085 0.734533
1643091458.195601 -8.509887 -5.523993 -6.004038 0.520825 0.198934 -0.386435 0.734734
1643091458.295583 -8.589311 -5.572157 -6.050566 0.519536 0.201281 -0.387032 0.734693
1643091458.395584 -8.611395 -5.585912 -6.064710 0.517778 0.204310 -0.385201 0.736059
1643091458.495600 -8.675205 -5.622200 -6.107547 0.516362 0.204541 -0.383581 0.737833
1643091458.595594 -8.782305 -5.685365 -6.164198 0.514199 0.205281 -0.383852 0.738997
1643091458.695610 -8.864309 -5.735838 -6.219411 0.512024 0.207311 -0.381816 0.740993
1643091458.795677 -8.946046 -5.791807 -6.256954 0.510875 0.208735 -0.379506 0.742571
1643091458.895703 -9.016410 -5.831477 -6.303605 0.509512 0.207849 -0.378580 0.744227
1643091458.995717 -9.090793 -5.870022 -6.346538 0.508521 0.207393 -0.376201 0.746235
1643091459.095934 -9.165199 -5.909505 -6.392057 0.507143 0.205897 -0.378176 0.746589
1643091459.196047 -9.234098 -5.949780 -6.429479 0.506227 0.209328 -0.375915 0.747398
1643091459.296272 -9.306841 -5.998176 -6.455792 0.505195 0.212270 -0.374134 0.748160
1643091459.396550 -9.386528 -6.038500 -6.497207 0.503604 0.213288 -0.372802 0.749607
1643091459.496744 -9.465911 -6.078372 -6.524945 0.503629 0.214995 -0.368921 0.751021
1643091459.596821 -9.542761 -6.126026 -6.552688 0.499289 0.214520 -0.368892 0.754062
1643091459.696661 -9.611622 -6.155239 -6.594817 0.497732 0.211835 -0.369549 0.755528
1643091459.796430 -9.683347 -6.186254 -6.630990 0.498924 0.209652 -0.368184 0.756017
1643091459.896187 -9.757288 -6.222559 -6.675300 0.499517 0.207171 -0.368233 0.756285
1643091459.995939 -9.830101 -6.249371 -6.714422 0.500028 0.203787 -0.367969 0.756995
1643091460.095781 -9.885809 -6.290957 -6.771649 0.500643 0.202877 -0.372144 0.754788
1643091460.195519 -9.958568 -6.326278 -6.822242 0.499415 0.200934 -0.373215 0.755593
1643091460.295318 -10.018406 -6.368138 -6.868527 0.500568 0.200626 -0.376063 0.753497
1643091460.395205 -10.093059 -6.401076 -6.899098 0.501580 0.199362 -0.373650 0.754359
1643091460.495131 -10.166551 -6.437534 -6.928549 0.502230 0.198976 -0.372861 0.754419
1643091460.595129 -10.238520 -6.480906 -6.972270 0.503699 0.199573 -0.372025 0.753694
1643091460.695141 -10.300510 -6.520635 -7.021525 0.504553 0.200431 -0.375136 0.751350
1643091460.795212 -10.362918 -6.561915 -7.064167 0.506718 0.201238 -0.375484 0.749502
1643091460.895252 -10.432142 -6.590228 -7.110984 0.507040 0.200440 -0.377161 0.748655
1643091460.995329 -10.501363 -6.615880 -7.161326 0.506588 0.201751 -0.379148 0.747604
1643091461.095552 -10.564108 -6.646698 -7.215338 0.505608 0.204238 -0.381989 0.746144
1643091461.195639 -10.636203 -6.674873 -7.260771 0.504198 0.203966 -0.385041 0.745604
1643091461.295780 -10.707388 -6.707438 -7.311114 0.504399 0.206664 -0.387042 0.743687
1643091461.395926 -10.778119 -6.738313 -7.357115 0.505377 0.208627 -0.388376 0.741777
1643091461.495980 -10.850590 -6.775239 -7.398178 0.507719 0.213376 -0.387836 0.739105
1643091461.595954 -10.917359 -6.800190 -7.441707 0.508954 0.219095 -0.390229 0.735312
1643091461.695809 -10.993576 -6.827700 -7.477984 0.510536 0.225896 -0.391327 0.731565
1643091461.795575 -11.068917 -6.855087 -7.525439 0.512311 0.237549 -0.392937 0.725747
1643091461.895317 -11.152822 -6.863436 -7.550590 0.515279 0.244406 -0.395220 0.720108
1643091461.995185 -11.232022 -6.880556 -7.588582 0.517609 0.253921 -0.398789 0.713143
1643091462.095375 -11.312996 -6.885586 -7.622984 0.519281 0.263234 -0.400697 0.707458
1643091462.195594 -11.393140 -6.891621 -7.640614 0.520746 0.272648 -0.403587 0.701145
1643091462.295919 -11.475157 -6.895606 -7.678314 0.521989 0.284077 -0.408829 0.692594
1643091462.396307 -11.531862 -6.880753 -7.746585 0.517211 0.296681 -0.423938 0.681726
1643091462.496647 -11.606923 -6.879062 -7.780813 0.515837 0.308697 -0.432441 0.672022
1643091462.596863 -11.667500 -6.843629 -7.823933 0.513550 0.320318 -0.444943 0.660067
1643091462.696921 -11.753743 -6.848747 -7.837920 0.513999 0.338233 -0.449161 0.647810
1643091462.796838 -11.828907 -6.847796 -7.843942 0.511910 0.356798 -0.454743 0.635494
1643091462.896700 -11.927891 -6.848646 -7.841458 0.511449 0.379688 -0.457452 0.620479
1643091462.996590 -12.011172 -6.844990 -7.815752 0.514319 0.401733 -0.457557 0.603927
1643091463.096565 -12.095776 -6.852014 -7.791094 0.515867 0.427857 -0.458791 0.583379
1643091463.196482 -12.174171 -6.841862 -7.751639 0.517312 0.452339 -0.458986 0.563125
1643091463.296311 -12.249164 -6.840304 -7.708871 0.516644 0.478368 -0.456815 0.543656
1643091463.396145 -12.323294 -6.834165 -7.668349 0.512681 0.505206 -0.455727 0.523677
1643091463.495951 -12.399227 -6.837140 -7.620905 0.506551 0.537282 -0.449539 0.502641
1643091463.595848 -12.474559 -6.817801 -7.572166 0.495104 0.565398 -0.446376 0.485743
1643091463.695704 -12.537615 -6.806479 -7.519525 0.476786 0.596561 -0.443972 0.468699
1643091463.795663 -12.610440 -6.804021 -7.469488 0.456423 0.628151 -0.442417 0.448745
1643091463.895639 -12.652050 -6.790281 -7.395291 0.434893 0.654543 -0.441680 0.432851
1643091463.995708 -12.657857 -6.790726 -7.320685 0.419917 0.676414 -0.436892 0.418639
1643091464.095962 -12.670259 -6.785905 -7.268227 0.403384 0.700700 -0.429080 0.402731
1643091464.196069 -12.653247 -6.769356 -7.176080 0.391014 0.715135 -0.428216 0.390283
1643091464.296087 -12.646633 -6.752568 -7.088700 0.375328 0.731842 -0.424799 0.378262
1643091464.396119 -12.641810 -6.742758 -7.039646 0.358658 0.749465 -0.419294 0.365868
1643091464.496072 -12.648616 -6.712222 -6.919676 0.336757 0.769206 -0.412877 0.352773
1643091464.596009 -12.628579 -6.695450 -6.844770 0.319161 0.784976 -0.406649 0.341447
1643091464.695984 -12.618331 -6.676342 -6.791266 0.301510 0.799246 -0.400853 0.331081
1643091464.796057 -12.586975 -6.647649 -6.705426 0.287939 0.810827 -0.395231 0.321627
1643091464.896139 -12.559833 -6.617982 -6.628914 0.275693 0.819163 -0.392309 0.314736
1643091464.996135 -12.540688 -6.583687 -6.542951 0.259633 0.830317 -0.386373 0.306399
1643091465.096313 -12.509850 -6.546055 -6.468633 0.251093 0.835773 -0.383254 0.302577
1643091465.196334 -12.481597 -6.511602 -6.387467 0.241363 0.841424 -0.380812 0.297879
1643091465.296334 -12.446230 -6.457795 -6.271837 0.230349 0.848763 -0.375406 0.292593
1643091465.396312 -12.430771 -6.434198 -6.225832 0.217185 0.855657 -0.370948 0.288234
1643091465.496257 -12.403487 -6.399242 -6.146728 0.204464 0.863029 -0.365993 0.281824
1643091465.596334 -12.378576 -6.359531 -6.068687 0.192206 0.869440 -0.360482 0.277820
1643091465.696460 -12.331675 -6.304077 -5.957787 0.179998 0.875976 -0.355168 0.272254
1643091465.796664 -12.317605 -6.281068 -5.917605 0.172003 0.880050 -0.351523 0.268995
1643091465.896839 -12.285414 -6.230818 -5.837108 0.169876 0.880762 -0.351278 0.268336
1643091465.997006 -12.259873 -6.198178 -5.757056 0.161217 0.884718 -0.348442 0.264333
1643091466.097143 -12.212336 -6.140345 -5.637127 0.151538 0.888807 -0.345008 0.260821
1643091466.197073 -12.198833 -6.123320 -5.588572 0.134582 0.894862 -0.340010 0.255936
1643091466.296955 -12.162497 -6.083005 -5.512018 0.122715 0.899835 -0.335559 0.250276
1643091466.397001 -12.128483 -6.038746 -5.434606 0.112332 0.903376 -0.331467 0.247839
1643091466.497002 -12.101890 -5.996379 -5.353136 0.102256 0.906763 -0.326559 0.246340
1643091466.597054 -12.064352 -5.942378 -5.285950 0.105941 0.905382 -0.329436 0.246032
1643091466.697180 -12.027763 -5.910864 -5.204531 0.107425 0.904988 -0.330175 0.245848
1643091466.797326 -11.990024 -5.860984 -5.138394 0.115481 0.902360 -0.334196 0.246424
1643091466.897406 -11.951844 -5.812553 -5.057509 0.120409 0.899352 -0.338702 0.248895
1643091466.997309 -11.914422 -5.768502 -4.988862 0.128270 0.896507 -0.342635 0.249846
1643091467.097297 -11.886383 -5.719762 -4.908067 0.135807 0.893233 -0.346911 0.251684
1643091467.197125 -11.849806 -5.675718 -4.827556 0.137056 0.891818 -0.348066 0.254412
1643091467.296934 -11.816724 -5.639499 -4.748353 0.136653 0.892007 -0.346859 0.255614
1643091467.396840 -11.770132 -5.606311 -4.674950 0.136923 0.892404 -0.344743 0.256942
1643091467.496765 -11.727287 -5.562898 -4.607545 0.141983 0.890060 -0.346734 0.259632
1643091467.596827 -11.698399 -5.517916 -4.527866 0.144336 0.889665 -0.345724 0.261031
1643091467.696880 -11.671298 -5.476133 -4.446496 0.144908 0.888216 -0.346736 0.264287
1643091467.796920 -11.641419 -5.426470 -4.371239 0.150996 0.885248 -0.349911 0.266643
1643091467.896918 -11.628684 -5.396692 -4.319358 0.150431 0.884364 -0.351113 0.268311
1643091467.996973 -11.600884 -5.345561 -4.250408 0.153242 0.882351 -0.353081 0.270752
1643091468.097176 -11.578880 -5.294235 -4.178918 0.157209 0.878281 -0.357418 0.275972
1643091468.197148 -11.532795 -5.240946 -4.094662 0.163350 0.875346 -0.359984 0.278383
1643091468.297046 -11.495698 -5.201588 -4.022023 0.162395 0.876132 -0.359705 0.276825
1643091468.396900 -11.464926 -5.168549 -3.940605 0.163571 0.875290 -0.359583 0.278949
1643091468.496736 -11.377490 -5.129915 -3.824734 0.165664 0.875657 -0.357343 0.279440
1643091468.596605 -11.350301 -5.114338 -3.796920 0.171009 0.875358 -0.354092 0.281288
1643091468.696451 -11.345458 -5.105875 -3.756193 0.163300 0.875920 -0.352296 0.286329
1643091468.796227 -11.255784 -5.084603 -3.701347 0.158836 0.879448 -0.345579 0.286214
1643091468.895894 -11.172515 -5.040780 -3.630786 0.154874 0.881117 -0.340034 0.289869
1643091468.995634 -11.105657 -4.968421 -3.494206 0.152392 0.881091 -0.338897 0.292581
1643091469.095672 -11.067435 -4.956713 -3.455116 0.151163 0.882794 -0.334698 0.292919
1643091469.195672 -10.962189 -4.933575 -3.374833 0.143654 0.886338 -0.325035 0.296850
1643091469.295753 -10.952611 -4.907957 -3.260125 0.132143 0.888804 -0.318326 0.302050
1643091469.395838 -10.893434 -4.895011 -3.209809 0.129399 0.891031 -0.313001 0.302242
1643091469.495982 -10.884610 -4.867201 -3.122977 0.123239 0.891855 -0.309021 0.306451
1643091469.596201 -10.847818 -4.847755 -3.030393 0.120386 0.893078 -0.306068 0.306987
1643091469.696366 -10.792213 -4.821149 -2.906390 0.112605 0.894875 -0.301047 0.309660
1643091469.796449 -10.799137 -4.808075 -2.815483 0.105784 0.896323 -0.301567 0.307362
1643091469.896430 -10.762599 -4.780441 -2.743765 0.102513 0.897806 -0.298602 0.307038
1643091469.996451 -10.731638 -4.761714 -2.660926 0.092036 0.900956 -0.291288 0.308153
1643091470.096551 -10.713291 -4.745102 -2.594040 0.085561 0.902833 -0.286721 0.308810
1643091470.196522 -10.644922 -4.728870 -2.529666 0.078166 0.906168 -0.278295 0.308711
1643091470.296448 -10.628992 -4.708435 -2.452656 0.073952 0.906579 -0.276973 0.309727
1643091470.396390 -10.553802 -4.688567 -2.378589 0.068685 0.910184 -0.267892 0.308352
1643091470.496315 -10.542798 -4.675944 -2.337262 0.055707 0.911545 -0.259802 0.313823
1643091470.596338 -10.415400 -4.694072 -2.274023 0.047015 0.913030 -0.254510 0.315261
1643091470.696345 -10.364862 -4.664098 -2.187603 0.045377 0.913255 -0.253170 0.315929
1643091470.796293 -10.310380 -4.645361 -2.091154 0.041840 0.914485 -0.249305 0.315931
1643091470.896261 -10.302918 -4.630698 -2.057756 0.042170 0.913573 -0.250611 0.317492
1643091470.996258 -10.233597 -4.621944 -1.963091 0.032804 0.915721 -0.241246 0.319656
1643091471.096339 -10.230866 -4.597731 -1.871852 0.023463 0.915260 -0.235318 0.326150
1643091471.196270 -10.197045 -4.579323 -1.770316 0.014156 0.914729 -0.227870 0.333385
1643091471.296200 -10.161030 -4.564263 -1.701729 0.010193 0.916246 -0.222716 0.332848
1643091471.396150 -10.134213 -4.555708 -1.669907 0.007202 0.917493 -0.216007 0.333911
1643091471.496132 -10.105697 -4.529528 -1.540067 0.003415 0.916606 -0.211373 0.339328
1643091471.596242 -10.047969 -4.474583 -1.448941 0.007617 0.915050 -0.211607 0.343289
1643091471.696398 -10.030998 -4.457778 -1.412657 0.013798 0.914558 -0.213454 0.343264
1643091471.796547 -9.983653 -4.419478 -1.324184 0.012542 0.914086 -0.209094 0.347231
1643091471.896615 -9.932292 -4.392980 -1.247855 0.014236 0.913623 -0.208032 0.349017
1643091471.996608 -9.876285 -4.358814 -1.162452 0.017853 0.913570 -0.207927 0.349052
1643091472.096575 -9.849752 -4.321585 -1.087811 0.023581 0.911203 -0.209528 0.353908
1643091472.196464 -9.807221 -4.218050 -1.027716 0.034027 0.907831 -0.211056 0.360750
1643091472.296378 -9.792093 -4.231549 -0.970726 0.032133 0.907705 -0.208792 0.362553
1643091472.396302 -9.780674 -4.235708 -0.900571 0.025100 0.905115 -0.205992 0.371084
1643091472.496187 -9.716214 -4.179689 -0.807780 0.038223 0.903546 -0.213347 0.369630
1643091472.596063 -9.712873 -4.179774 -0.777583 0.037224 0.902603 -0.214510 0.371360
1643091472.696005 -9.658197 -4.161325 -0.644356 0.039954 0.902615 -0.216925 0.369640
1643091472.795945 -9.606192 -4.161736 -0.556242 0.037986 0.904014 -0.213776 0.368261
1643091472.895922 -9.572872 -4.159977 -0.503791 0.045151 0.903311 -0.216901 0.367349
1643091472.995886 -9.548626 -4.151717 -0.433097 0.052102 0.901896 -0.221723 0.367026
1643091473.096036 -9.534034 -4.166405 -0.357221 0.051712 0.899756 -0.230138 0.367152
1643091473.196168 -9.531354 -4.173398 -0.316669 0.047123 0.899822 -0.229184 0.368205
1643091473.296295 -9.511017 -4.171997 -0.263216 0.047994 0.900023 -0.233223 0.365051
1643091473.396507 -9.489843 -4.150896 -0.079335 0.045447 0.898588 -0.235171 0.367654
1643091473.496718 -9.439164 -4.112413 0.032074 0.050451 0.897457 -0.238856 0.367387
1643091473.596961 -9.429428 -4.105486 0.067736 0.052451 0.896441 -0.241063 0.368146
1643091473.697222 -9.383743 -4.067514 0.215081 0.056084 0.895845 -0.242012 0.368439
1643091473.797314 -9.363466 -4.052964 0.283417 0.062164 0.894765 -0.245371 0.367865
1643091473.897167 -9.318054 -4.024846 0.427754 0.062741 0.894677 -0.246751 0.367057
1643091473.996897 -9.297677 -4.005561 0.491880 0.066720 0.894288 -0.249223 0.365630
1643091474.096789 -9.255676 -3.977003 0.608392 0.069897 0.894296 -0.251412 0.363512
1643091474.196592 -9.237869 -3.956694 0.682484 0.072821 0.892430 -0.253248 0.366240
1643091474.296447 -9.195670 -3.930102 0.784642 0.079702 0.890254 -0.259829 0.365491
1643091474.396383 -9.175231 -3.911792 0.853377 0.083039 0.889534 -0.262844 0.364344
1643091474.496264 -9.157331 -3.882138 0.953625 0.085838 0.886902 -0.266542 0.367412
1643091474.596269 -9.129326 -3.853351 1.046061 0.089528 0.885949 -0.269347 0.366786
1643091474.696308 -9.122063 -3.851800 1.062790 0.093633 0.884540 -0.271637 0.367471
1643091474.796292 -9.096400 -3.839638 1.152621 0.093601 0.883687 -0.273541 0.368119
1643091474.896202 -9.059698 -3.836098 1.243761 0.096089 0.879681 -0.282567 0.370250
1643091474.996114 -9.041111 -3.831890 1.312632 0.096530 0.876720 -0.286334 0.374242
1643091475.096137 -9.003844 -3.795130 1.417949 0.099935 0.873580 -0.290992 0.377087
1643091475.196012 -8.992159 -3.786031 1.466171 0.101467 0.872891 -0.292481 0.377120
1643091475.295945 -8.934348 -3.751783 1.668729 0.105403 0.870965 -0.294394 0.379001
1643091475.395872 -8.923441 -3.738250 1.696382 0.110439 0.869657 -0.291834 0.382534
1643091475.495769 -8.918523 -3.684280 1.827367 0.110674 0.865793 -0.295846 0.388111
1643091475.595749 -8.881836 -3.661116 1.919639 0.110352 0.866031 -0.294229 0.388899
1643091475.695764 -8.870032 -3.668912 1.977040 0.105943 0.864970 -0.295026 0.391872
1643091475.795834 -8.780588 -3.639211 2.094056 0.105203 0.863549 -0.297628 0.393235
1643091475.896017 -8.753819 -3.628815 2.139783 0.106935 0.863209 -0.297378 0.393702
1643091475.996142 -8.709427 -3.615349 2.264353 0.108911 0.861729 -0.300410 0.394102
1643091476.096311 -8.682447 -3.614670 2.346421 0.104289 0.861805 -0.299701 0.395720
1643091476.196246 -8.648518 -3.615808 2.424503 0.101157 0.862773 -0.298141 0.395604
1643091476.296156 -8.603967 -3.616851 2.517981 0.097728 0.864451 -0.296011 0.394399
1643091476.396201 -8.587867 -3.619468 2.563200 0.095124 0.865124 -0.292968 0.395832
1643091476.496059 -8.532232 -3.623505 2.690884 0.095626 0.864773 -0.292937 0.396498
1643091476.595903 -8.647630 -3.710261 2.747076 0.089586 0.864675 -0.292910 0.398140
1643091476.695724 -8.605552 -3.707211 2.857547 0.091713 0.864011 -0.293560 0.398617
1643091476.795504 -8.590016 -3.703705 2.873044 0.095297 0.863170 -0.293402 0.399713
1643091476.895337 -8.537230 -3.706758 3.013838 0.099608 0.861881 -0.296064 0.399482
1643091476.995149 -8.531796 -3.711205 3.077593 0.094261 0.860738 -0.296981 0.402551
1643091477.095266 -8.492783 -3.727852 3.148872 0.091872 0.862127 -0.296491 0.400488
1643091477.195446 -8.466556 -3.713678 3.210815 0.094966 0.861410 -0.294819 0.402536
1643091477.295703 -8.421045 -3.694183 3.299999 0.100823 0.860244 -0.297235 0.401829
1643091477.395937 -8.387228 -3.704157 3.392681 0.099881 0.860600 -0.294996 0.402950
1643091477.496059 -8.320559 -3.687623 3.499688 0.106575 0.859115 -0.295257 0.404212
1643091477.596216 -8.295398 -3.679198 3.624786 0.107860 0.858992 -0.294463 0.404710
1643091477.696139 -8.284331 -3.671114 3.647761 0.113413 0.854248 -0.297908 0.410669
1643091477.795996 -8.277249 -3.657485 3.763829 0.114952 0.851757 -0.300465 0.413541
1643091477.895883 -8.204294 -3.644293 3.861849 0.121882 0.851462 -0.299313 0.412999
1643091477.995641 -8.197098 -3.643152 3.911495 0.120819 0.850899 -0.299187 0.414561
1643091478.095534 -8.182232 -3.635615 4.086790 0.116602 0.851120 -0.299158 0.415334
1643091478.195390 -8.178146 -3.632340 4.108286 0.113918 0.850775 -0.298510 0.417249
1643091478.295199 -8.199613 -3.653074 4.258495 0.104863 0.852266 -0.299772 0.415671
1643091478.395115 -8.172281 -3.620954 4.370658 0.100414 0.853974 -0.298910 0.413882
1643091478.495033 -8.155240 -3.651557 4.422586 0.085795 0.859199 -0.295656 0.408662
1643091478.595078 -8.117542 -3.700399 4.543806 0.071913 0.864619 -0.294230 0.400864
1643091478.695253 -8.086457 -3.687862 4.642721 0.061063 0.867173 -0.292592 0.398336
1643091478.795364 -8.061252 -3.694545 4.738642 0.042069 0.870915 -0.289432 0.394925
1643091478.895568 -8.048486 -3.685675 4.773049 0.029233 0.873582 -0.287714 0.391433
1643091478.995834 -7.994768 -3.659595 4.907878 0.015314 0.876206 -0.285822 0.387730
1643091479.096186 -7.969646 -3.625709 4.984971 0.006632 0.877230 -0.285731 0.385723
1643091479.196426 -7.937656 -3.598705 5.040653 -0.000251 0.878943 -0.285083 0.382345
1643091479.296516 -7.860016 -3.544433 5.159262 -0.007414 0.880486 -0.283086 0.380200
1643091479.396490 -7.809646 -3.494035 5.223639 -0.010191 0.881768 -0.281365 0.378438
1643091479.496471 -7.750107 -3.444929 5.286001 -0.015293 0.883780 -0.278626 0.375589
1643091479.596456 -7.721051 -3.418857 5.325963 -0.017253 0.884780 -0.275656 0.375339
1643091479.696338 -7.656023 -3.402459 5.409329 -0.022535 0.888062 -0.271057 0.370629
1643091479.796159 -7.603411 -3.343991 5.520076 -0.020966 0.887639 -0.270943 0.371817
1643091479.895962 -7.583832 -3.286407 5.591385 -0.015205 0.886004 -0.271359 0.375673
1643091479.995777 -7.545385 -3.248694 5.681449 -0.015272 0.886092 -0.269927 0.376493
1643091480.095769 -7.498989 -3.189761 5.741426 -0.006129 0.885795 -0.266833 0.379645
1643091480.195641 -7.460422 -3.154043 5.823423 -0.009439 0.886032 -0.263811 0.381132
1643091480.295549 -7.412070 -3.149216 5.915942 -0.018961 0.888541 -0.260862 0.376943
1643091480.395443 -7.366399 -3.117138 6.002266 -0.023223 0.889056 -0.260663 0.375626
1643091480.495265 -7.332389 -3.089273 6.088331 -0.030928 0.889595 -0.259061 0.374902
1643091480.595084 -7.290164 -3.065350 6.160441 -0.043751 0.891207 -0.257918 0.370560
1643091480.694908 -7.238143 -3.032231 6.246890 -0.062907 0.893805 -0.255273 0.363307
1643091480.794863 -7.197314 -2.996150 6.327685 -0.081020 0.895178 -0.252247 0.358419
1643091480.894972 -7.150016 -2.963123 6.408023 -0.103105 0.895970 -0.248765 0.353163
1643091480.995129 -7.102722 -2.926721 6.476449 -0.128438 0.895985 -0.248361 0.345009
1643091481.095352 -7.065923 -2.876999 6.539207 -0.147119 0.895527 -0.245188 0.340985
1643091481.195414 -7.026114 -2.823621 6.613022 -0.174077 0.894419 -0.240337 0.334589
1643091481.295483 -7.009438 -2.774250 6.693702 -0.199811 0.889694 -0.236657 0.335432
1643091481.395530 -6.971850 -2.698867 6.734915 -0.223898 0.886864 -0.231857 0.331035
1643091481.495581 -6.968939 -2.617507 6.799946 -0.252712 0.878919 -0.231925 0.331433
1643091481.595675 -6.929013 -2.527176 6.822764 -0.285350 0.873009 -0.225396 0.325002
1643091481.695720 -6.919041 -2.470066 6.885138 -0.327811 0.857712 -0.221010 0.328671
1643091481.795729 -6.917429 -2.386106 6.926834 -0.363306 0.843694 -0.219086 0.328923
1643091481.895825 -6.917444 -2.295320 6.951943 -0.392122 0.830407 -0.218367 0.330121
1643091481.995969 -6.927948 -2.224776 6.979672 -0.424566 0.814580 -0.214113 0.332202
1643091482.096199 -6.920135 -2.146517 7.012462 -0.463346 0.794595 -0.212323 0.329921
1643091482.196325 -6.944773 -2.067987 7.019104 -0.491942 0.778923 -0.208060 0.328608
1643091482.296413 -7.008530 -1.985241 7.036636 -0.517826 0.759824 -0.205263 0.335248
1643091482.396520 -7.039265 -1.924276 7.037237 -0.543899 0.742411 -0.201651 0.335166
1643091482.496587 -7.104924 -1.827414 7.015370 -0.564682 0.726843 -0.199056 0.336467
1643091482.596680 -7.157685 -1.758636 6.999305 -0.584330 0.711076 -0.197565 0.337487
1643091482.696811 -7.217117 -1.693265 6.972094 -0.600000 0.698232 -0.196469 0.337449
1643091482.796786 -7.250117 -1.662065 6.960091 -0.614048 0.684725 -0.194679 0.340876
1643091482.896760 -7.336123 -1.575090 6.912998 -0.629761 0.670963 -0.194043 0.339936
1643091482.996716 -7.401679 -1.522123 6.885224 -0.641826 0.659389 -0.192767 0.340744
1643091483.096756 -7.463043 -1.474215 6.852750 0.652381 -0.648844 0.192349 -0.341178
1643091483.196570 -7.520837 -1.432604 6.822238 0.661819 -0.637556 0.193058 -0.343868
1643091483.296301 -7.586889 -1.397720 6.785097 0.672019 -0.626739 0.192712 -0.344168
1643091483.396019 -7.654749 -1.369118 6.738878 0.682160 -0.615837 0.191322 -0.344673
1643091483.495715 -7.696706 -1.354053 6.706279 0.691624 -0.604328 0.190221 -0.346785
1643091483.595542 -7.767445 -1.337823 6.659927 0.699677 -0.593644 0.188963 -0.349759
1643091483.695494 -7.846873 -1.323588 6.605488 0.705958 -0.584789 0.188612 -0.352236
1643091483.795690 -7.919753 -1.315277 6.552083 0.711516 -0.577643 0.189269 -0.352491
1643091483.895879 -7.989931 -1.296670 6.500179 0.716085 -0.571264 0.187888 -0.354370
1643091483.995978 -8.054112 -1.306640 6.437942 0.720928 -0.564906 0.188010 -0.354677
1643091484.096201 -8.119688 -1.308040 6.383175 0.725967 -0.558915 0.185658 -0.355130
1643091484.196291 -8.197200 -1.313425 6.324758 0.730393 -0.552829 0.185086 -0.355878
1643091484.296335 -8.260300 -1.348966 6.259162 0.733297 -0.549031 0.183271 -0.356724
1643091484.396311 -8.340927 -1.345428 6.190885 0.737563 -0.542803 0.182645 -0.357780
1643091484.496309 -8.404566 -1.358972 6.133427 0.739633 -0.538671 0.182767 -0.359683
1643091484.596273 -8.447417 -1.373753 6.080225 0.742409 -0.535841 0.181640 -0.358761
1643091484.696184 -8.492992 -1.393271 6.041386 0.744375 -0.532276 0.179994 -0.360821
1643091484.795984 -8.588586 -1.415970 5.931793 0.749000 -0.525588 0.180202 -0.360947
1643091484.895820 -8.616251 -1.423348 5.885193 0.753082 -0.519628 0.178072 -0.362139
1643091484.995632 -8.680219 -1.444863 5.822168 0.757574 -0.511801 0.177616 -0.364136
1643091485.095704 -8.738096 -1.485936 5.757168 0.762221 -0.504382 0.175446 -0.365836
1643091485.195703 -8.786365 -1.514779 5.680131 0.765683 -0.498729 0.175002 -0.366570
1643091485.295815 -8.874414 -1.570275 5.582643 0.768163 -0.493332 0.173747 -0.369271
1643091485.396090 -8.937050 -1.588508 5.505577 0.770058 -0.491573 0.174591 -0.367267
1643091485.496500 -8.967359 -1.610300 5.470644 0.769311 -0.493068 0.170908 -0.368557
1643091485.596877 -9.066637 -1.657530 5.379441 0.767764 -0.494815 0.171069 -0.369367
1643091485.697103 -9.095965 -1.667678 5.346360 0.766155 -0.497220 0.171437 -0.369308
1643091485.797110 -9.198998 -1.708458 5.251283 0.764992 -0.496992 0.172506 -0.371520
1643091485.897020 -9.247628 -1.731380 5.195483 0.764987 -0.498042 0.172878 -0.369950
1643091485.996834 -9.336602 -1.757279 5.122329 0.764742 -0.497414 0.172513 -0.371468
1643091486.096771 -9.399229 -1.783794 5.054987 0.764295 -0.497141 0.172860 -0.372591
1643091486.196509 -9.466566 -1.796614 4.981192 0.764031 -0.497494 0.173272 -0.372468
1643091486.296271 -9.535986 -1.815547 4.914564 0.764824 -0.496064 0.174266 -0.372286
1643091486.396099 -9.602621 -1.835377 4.844304 0.765873 -0.494307 0.174269 -0.372464
1643091486.495934 -9.663807 -1.866667 4.777305 0.765138 -0.495865 0.172493 -0.372731
1643091486.595829 -9.721845 -1.901256 4.702194 0.764525 -0.497348 0.172850 -0.371846
1643091486.695783 -9.761458 -1.912052 4.663831 0.763956 -0.496047 0.173688 -0.374354
1643091486.795640 -9.843711 -1.945758 4.561440 0.763656 -0.495932 0.174152 -0.374902
1643091486.895476 -9.934463 -1.961729 4.513121 0.767100 -0.490822 0.172297 -0.375453
1643091486.995361 -9.991396 -1.997286 4.438615 0.766545 -0.491081 0.171874 -0.376442
1643091487.095410 -10.057370 -2.015459 4.374213 0.767191 -0.488596 0.172401 -0.378114
1643091487.195342 -10.113292 -2.042979 4.304990 0.765908 -0.488523 0.173745 -0.380188
1643091487.295211 -10.173143 -2.061750 4.233065 0.765376 -0.488478 0.173161 -0.381581
1643091487.395054 -10.244003 -2.073664 4.154471 0.765862 -0.487079 0.174754 -0.381669
1643091487.495008 -10.274550 -2.082505 4.105369 0.766204 -0.486605 0.176566 -0.380750
1643091487.595051 -10.352259 -2.112255 3.998954 0.763788 -0.487866 0.178024 -0.383304
1643091487.695188 -10.424832 -2.112301 3.915165 0.763692 -0.487522 0.179090 -0.383437
1643091487.795316 -10.494379 -2.123270 3.846586 0.764511 -0.485645 0.178518 -0.384451
1643091487.895365 -10.553424 -2.122329 3.769862 0.765488 -0.485430 0.178685 -0.382698
1643091487.995425 -10.586545 -2.137287 3.726472 0.764044 -0.486355 0.180406 -0.383601
1643091488.095609 -10.648047 -2.183855 3.619214 0.762062 -0.489355 0.180214 -0.383819
1643091488.195601 -10.730883 -2.179627 3.551502 0.763137 -0.489055 0.179338 -0.382472
1643091488.295637 -10.727946 -2.238203 3.475640 0.755958 -0.499754 0.179954 -0.382610
1643091488.395599 -10.788786 -2.258027 3.392877 0.754883 -0.502980 0.177888 -0.381469
1643091488.495470 -10.834404 -2.259860 3.346202 0.754783 -0.501895 0.178512 -0.382802
1643091488.595396 -10.903298 -2.266905 3.273423 0.754613 -0.502340 0.178004 -0.382792
1643091488.695390 -10.961405 -2.278752 3.194604 0.753589 -0.503721 0.179483 -0.382303
1643091488.795404 -11.043308 -2.307878 3.105971 0.752298 -0.503939 0.179032 -0.384761
1643091488.895352 -11.092458 -2.317132 3.045837 0.751067 -0.504208 0.180373 -0.386185
1643091488.995401 -11.167921 -2.338491 2.943224 0.751134 -0.503557 0.181286 -0.386475
1643091489.095631 -11.209246 -2.355109 2.890862 0.752402 -0.501701 0.180842 -0.386630
1643091489.195760 -11.276372 -2.372990 2.823444 0.754112 -0.499118 0.179639 -0.387204
1643091489.295953 -11.344230 -2.404135 2.725455 0.754054 -0.498155 0.182248 -0.387337
1643091489.396254 -11.403404 -2.426328 2.645900 0.752564 -0.498771 0.181881 -0.389608
1643091489.496455 -11.440539 -2.441334 2.588264 0.752260 -0.499215 0.182234 -0.389461
1643091489.596536 -11.500125 -2.463073 2.511126 0.751994 -0.498740 0.183128 -0.390163
1643091489.696521 -11.525215 -2.470792 2.477254 0.750195 -0.500133 0.183545 -0.391645
1643091489.796363 -11.617235 -2.504597 2.361234 0.748437 -0.501499 0.183527 -0.393266
1643091489.896162 -11.674059 -2.527423 2.289009 0.747006 -0.503226 0.183536 -0.393777
1643091489.995914 -11.743972 -2.559856 2.221868 0.745060 -0.504988 0.179613 -0.397004
1643091490.095714 -11.804819 -2.575090 2.141287 0.743597 -0.507570 0.179465 -0.396522
1643091490.195442 -11.823599 -2.580636 2.121728 0.742997 -0.506841 0.178498 -0.399007
1643091490.295179 -11.905234 -2.606142 2.038670 0.743665 -0.506292 0.178007 -0.398678
1643091490.395035 -12.003247 -2.632026 1.946773 0.744802 -0.503859 0.177904 -0.399682
1643091490.494787 -12.091227 -2.649599 1.848868 0.744620 -0.504284 0.174802 -0.400852
1643091490.594634 -12.147164 -2.663859 1.790718 0.747021 -0.501742 0.171197 -0.401132
1643091490.694732 -12.224531 -2.671547 1.702679 0.749027 -0.498000 0.171767 -0.401810
1643091490.794913 -12.288657 -2.683095 1.629974 0.750677 -0.496376 0.168695 -0.402041
1643091490.895195 -12.362743 -2.685788 1.549106 0.752928 -0.493205 0.169840 -0.401252
1643091490.995668 -12.420977 -2.702477 1.470932 0.752315 -0.493144 0.169732 -0.402519
1643091491.096179 -12.490697 -2.706916 1.349259 0.751134 -0.494445 0.169803 -0.403100
1643091491.196419 -12.549224 -2.724786 1.270333 0.749987 -0.496682 0.168278 -0.403123
1643091491.296479 -12.602348 -2.732942 1.185620 0.749260 -0.499086 0.167001 -0.402036
1643091491.396369 -12.666918 -2.751131 1.111866 0.751627 -0.501782 0.155753 -0.398765
1643091491.496300 -12.748262 -2.799715 1.071962 0.752306 -0.500142 0.145508 -0.403386
1643091491.596229 -12.748793 -2.759281 1.025328 0.755848 -0.500136 0.140619 -0.398478
1643091491.696193 -12.800731 -2.712481 0.956485 0.756590 -0.501727 0.134630 -0.397134
1643091491.796140 -12.876611 -2.714087 0.846017 0.755271 -0.503691 0.133437 -0.397562
1643091491.896038 -12.922130 -2.738567 0.822111 0.755992 -0.503846 0.122903 -0.399388
1643091491.995976 -12.952162 -2.712996 0.737162 0.756614 -0.505449 0.122960 -0.396153
1643091492.096012 -13.037122 -2.693406 0.634997 0.756310 -0.507783 0.120780 -0.394416
1643091492.196006 -13.083580 -2.684886 0.581259 0.757303 -0.508765 0.121217 -0.391096
1643091492.296038 -13.151405 -2.673654 0.512298 0.756861 -0.510471 0.118973 -0.390418
1643091492.395997 -13.219325 -2.710017 0.461188 0.752389 -0.516067 0.109314 -0.394508
1643091492.495847 -13.293476 -2.677602 0.406934 0.755981 -0.512343 0.103820 -0.393978
1643091492.595760 -13.350681 -2.634129 0.342300 0.759648 -0.509902 0.100583 -0.390918
1643091492.695642 -13.420524 -2.616706 0.279972 0.761687 -0.507938 0.095862 -0.390695
1643091492.795513 -13.492318 -2.607935 0.213197 0.762544 -0.506149 0.092279 -0.392205
1643091492.895465 -13.518455 -2.612001 0.122880 0.763469 -0.508390 0.084719 -0.389202
1643091492.995451 -13.571102 -2.685136 0.071532 0.762127 -0.509623 0.076022 -0.392004
1643091493.095617 -13.655060 -2.710395 0.081524 0.764646 -0.503703 0.066952 -0.396379
1643091493.195617 -13.734027 -2.671140 0.035094 0.768274 -0.500741 0.062800 -0.393790
1643091493.295686 -13.806136 -2.681800 -0.030140 0.768542 -0.500691 0.059912 -0.393779
1643091493.395845 -13.882344 -2.689963 -0.078121 0.766682 -0.502341 0.054715 -0.396054
1643091493.495883 -13.946185 -2.646781 -0.143031 0.769507 -0.499643 0.053412 -0.394162
1643091493.595843 -13.980785 -2.637201 -0.228197 0.773166 -0.498800 0.046336 -0.388930
1643091493.695714 -14.035293 -2.596372 -0.290566 0.778100 -0.494024 0.040107 -0.385864
1643091493.795620 -14.105045 -2.595053 -0.354387 0.779511 -0.491328 0.039433 -0.386528
1643091493.895579 -14.181312 -2.566814 -0.403301 0.782525 -0.488003 0.031969 -0.385338
1643091493.995552 -14.256378 -2.591027 -0.470952 0.783379 -0.486235 0.027099 -0.386211
1643091494.095708 -14.328048 -2.572765 -0.518009 0.787415 -0.480574 0.022623 -0.385376
1643091494.195656 -14.403815 -2.581526 -0.558865 0.788518 -0.477978 0.016811 -0.386645
1643091494.295601 -14.482568 -2.620062 -0.595456 0.789194 -0.474484 0.007722 -0.389845
1643091494.395641 -14.559190 -2.669676 -0.617839 0.788551 -0.471399 -0.002720 -0.394921
1643091494.495623 -14.644234 -2.690754 -0.675375 0.787150 -0.470742 -0.005300 -0.398457
1643091494.595604 -14.704094 -2.690580 -0.744774 0.787796 -0.469890 -0.011177 -0.398066
1643091494.695531 -14.754095 -2.756866 -0.784968 0.785604 -0.471515 -0.026563 -0.399742
1643091494.795512 -14.837981 -2.789782 -0.802244 0.784899 -0.467108 -0.037693 -0.405367
1643091494.895530 -14.916191 -2.826410 -0.839840 0.783462 -0.466086 -0.043329 -0.408747
1643091494.995592 -14.967825 -2.821162 -0.867005 0.783967 -0.464483 -0.044387 -0.409488
1643091495.095812 -15.026674 -2.730467 -0.956754 0.786426 -0.463950 -0.044374 -0.405359
1643091495.195813 -15.039058 -2.693263 -1.033094 0.786361 -0.466526 -0.045228 -0.402423
1643091495.295711 -15.119089 -2.658595 -1.063752 0.787260 -0.465032 -0.051793 -0.401601
1643091495.395533 -15.142718 -2.639220 -1.101956 0.788579 -0.465766 -0.056558 -0.397500
1643091495.495356 -15.233264 -2.585488 -1.191264 0.789544 -0.466656 -0.058577 -0.394236
1643091495.595178 -15.263855 -2.524295 -1.249871 0.791996 -0.468636 -0.057765 -0.387021
1643091495.694979 -15.349630 -2.525199 -1.292802 0.790846 -0.470878 -0.058390 -0.386558
1643091495.794828 -15.406935 -2.505964 -1.358075 0.790347 -0.475859 -0.057631 -0.381560
1643091495.894720 -15.483039 -2.522503 -1.417341 0.787575 -0.480948 -0.058277 -0.380814
1643091495.994728 -15.574188 -2.520255 -1.427893 0.787845 -0.478734 -0.058412 -0.383018
1643091496.094843 -15.636324 -2.488250 -1.474806 0.789220 -0.479058 -0.062267 -0.379154
1643091496.194674 -15.697657 -2.448093 -1.534784 0.790915 -0.478611 -0.062249 -0.376178
1643091496.294485 -15.761647 -2.431340 -1.601886 0.790752 -0.479256 -0.061050 -0.375897
1643091496.394312 -15.817516 -2.392832 -1.662351 0.793401 -0.477865 -0.064049 -0.371561
1643091496.494211 -15.870858 -2.362935 -1.736266 0.794961 -0.476199 -0.062971 -0.370549
1643091496.594275 -15.925019 -2.344682 -1.804247 0.796302 -0.474035 -0.065418 -0.370018
1643091496.694371 -15.987197 -2.309787 -1.868720 0.796656 -0.471719 -0.065150 -0.372258
1643091496.794549 -16.040140 -2.249120 -1.927976 0.799059 -0.468554 -0.062842 -0.371500
1643091496.894752 -16.080719 -2.212411 -2.008459 0.798502 -0.471919 -0.061175 -0.368707
1643091496.994891 -16.129994 -2.226892 -2.093648 0.798687 -0.472694 -0.066012 -0.366472
1643091497.095109 -16.173832 -2.215442 -2.176747 0.798183 -0.473868 -0.066623 -0.365942
1643091497.195176 -16.239323 -2.205201 -2.245212 0.799626 -0.471352 -0.070879 -0.365241
1643091497.295233 -16.328574 -2.222157 -2.275056 0.800283 -0.467459 -0.072883 -0.368399
1643091497.395308 -16.375255 -2.197335 -2.357325 0.800835 -0.471517 -0.074863 -0.361567
1643091497.495377 -16.450229 -2.178308 -2.414875 0.801177 -0.471210 -0.075641 -0.361047
1643091497.595485 -16.512815 -2.174982 -2.464205 0.800832 -0.471847 -0.074892 -0.361137
1643091497.695481 -16.578517 -2.175157 -2.531337 0.799973 -0.473559 -0.073600 -0.361066
1643091497.795468 -16.658701 -2.164838 -2.569268 0.800265 -0.473156 -0.073206 -0.361026
1643091497.895398 -16.672723 -2.156377 -2.665225 0.798620 -0.481029 -0.072726 -0.354299
1643091497.995374 -16.720897 -2.148751 -2.697393 0.798919 -0.481871 -0.070176 -0.352994
1643091498.095446 -16.818844 -2.136192 -2.712122 0.798712 -0.479335 -0.068583 -0.357201
1643091498.195308 -16.918045 -2.143654 -2.798155 0.798713 -0.480264 -0.069618 -0.355751
1643091498.295124 -16.999523 -2.123833 -2.830131 0.797496 -0.477899 -0.066412 -0.362219
1643091498.394908 -17.091789 -2.113307 -2.860798 0.797644 -0.475594 -0.065875 -0.365014
1643091498.494652 -17.162786 -2.103986 -2.928797 0.797706 -0.474437 -0.062952 -0.366895
1643091498.594602 -17.219262 -2.104645 -2.956771 0.798611 -0.471508 -0.063628 -0.368581
1643091498.694657 -17.313256 -2.095136 -3.040403 0.798340 -0.471840 -0.063002 -0.368850
1643091498.794770 -17.380259 -2.085184 -3.100178 0.798549 -0.471397 -0.058475 -0.369709
1643091498.894879 -17.448858 -2.089710 -3.162164 0.798136 -0.473013 -0.058880 -0.368472
1643091498.994981 -17.526391 -2.090840 -3.205525 0.797350 -0.473932 -0.058030 -0.369126
1643091499.095227 -17.602544 -2.093010 -3.277964 0.796691 -0.475589 -0.056096 -0.368716
1643091499.195219 -17.684065 -2.107621 -3.327828 0.795592 -0.476438 -0.057377 -0.369796
1643091499.295219 -17.764015 -2.123663 -3.369266 0.794633 -0.475162 -0.061113 -0.372887
1643091499.395287 -17.841062 -2.109201 -3.422780 0.794923 -0.474561 -0.060898 -0.373070
1643091499.495333 -17.908614 -2.112936 -3.491852 0.795298 -0.474432 -0.060184 -0.372550
1643091499.595440 -17.980857 -2.112942 -3.548161 0.794858 -0.474260 -0.060308 -0.373687
1643091499.695586 -18.053110 -2.111019 -3.614865 0.794577 -0.475479 -0.060907 -0.372636
1643091499.795737 -18.126742 -2.109030 -3.666504 0.794238 -0.474052 -0.061769 -0.375028
1643091499.895752 -18.212746 -2.115836 -3.696194 0.794395 -0.470944 -0.062424 -0.378486
1643091499.995720 -18.300578 -2.111270 -3.729420 0.795055 -0.468350 -0.061956 -0.380392
1643091500.095819 -18.378569 -2.111874 -3.800078 0.795771 -0.467453 -0.064453 -0.379581
1643091500.195710 -18.440964 -2.104261 -3.846033 0.796459 -0.466505 -0.062862 -0.379573
1643091500.295689 -18.511562 -2.101319 -3.903725 0.797132 -0.465794 -0.062718 -0.379055
1643091500.395801 -18.584625 -2.098932 -3.962833 0.797149 -0.466133 -0.062534 -0.378634
1643091500.495883 -18.669259 -2.114053 -4.005325 0.796559 -0.463105 -0.062818 -0.383513
1643091500.595975 -18.753380 -2.136736 -4.019065 0.796581 -0.456082 -0.066798 -0.391135
1643091500.695980 -18.831573 -2.157566 -4.066904 0.797649 -0.450773 -0.067547 -0.394966
1643091500.795987 -18.916595 -2.174112 -4.094405 0.798249 -0.442547 -0.068359 -0.402836
1643091500.896078 -18.992400 -2.169104 -4.142569 0.799608 -0.435620 -0.066905 -0.407904
1643091500.996251 -19.079092 -2.162027 -4.181100 0.800585 -0.426436 -0.063092 -0.416215
1643091501.096527 -19.178229 -2.136253 -4.262018 0.801496 -0.419401 -0.061844 -0.421761
1643091501.196558 -19.217405 -2.121681 -4.289444 0.803907 -0.407405 -0.057952 -0.429414
1643091501.296613 -19.288441 -2.105182 -4.348337 0.805337 -0.394831 -0.053075 -0.439002
1643091501.396643 -19.354536 -2.092480 -4.406650 0.806670 -0.381501 -0.049221 -0.448684
1643091501.496562 -19.408767 -2.081697 -4.481494 0.807065 -0.369031 -0.045944 -0.458641
1643091501.596389 -19.451420 -2.073563 -4.567976 0.807256 -0.355967 -0.042935 -0.468808
1643091501.696133 -19.457878 -2.078001 -4.658594 0.806885 -0.348044 -0.044443 -0.475213
1643091501.795770 -19.491479 -2.066313 -4.742496 0.805837 -0.329900 -0.043165 -0.489825
1643091501.895514 -19.513244 -2.051861 -4.831042 -0.806277 0.308997 0.035485 0.503168
1643091501.995429 -19.513859 -2.031245 -4.913337 -0.805751 0.289388 0.032195 0.515736
1643091502.095541 -19.486301 -2.032536 -5.003430 -0.803812 0.268721 0.026207 0.530083
1643091502.195633 -19.487898 -2.004295 -5.086472 -0.801802 0.245356 0.019396 0.544552
1643091502.295792 -19.464563 -1.989279 -5.169548 -0.798792 0.224915 0.013734 0.557814
1643091502.396043 -19.458667 -1.961155 -5.252366 -0.794495 0.201676 0.002474 0.572799
1643091502.496229 -19.442831 -1.940947 -5.331292 -0.788541 0.178813 -0.006672 0.588374
1643091502.596296 -19.413223 -1.930588 -5.414115 -0.781782 0.153969 -0.015320 0.604049
1643091502.696338 -19.383159 -1.891144 -5.489549 -0.774637 0.131680 -0.027114 0.617951
1643091502.796341 -19.344156 -1.849814 -5.568692 -0.765782 0.107866 -0.038781 0.632802
1643091502.896165 -19.321185 -1.840477 -5.632682 -0.752342 0.076508 -0.050762 0.652342
1643091502.995829 -19.292701 -1.791580 -5.690002 -0.736338 0.046385 -0.072003 0.671170
1643091503.095612 -19.264057 -1.731389 -5.752265 -0.718660 0.016401 -0.096752 0.688402
1643091503.195307 -19.208752 -1.683721 -5.788384 -0.699908 -0.016848 -0.118644 0.704108
1643091503.295018 -19.155472 -1.624370 -5.821651 -0.676705 -0.050273 -0.145987 0.719882
1643091503.394871 -19.099992 -1.572230 -5.855054 -0.645243 -0.085742 -0.174266 0.738878
1643091503.494788 -19.054112 -1.509376 -5.822146 -0.623337 -0.109004 -0.196429 0.748989
1643091503.594799 -19.009061 -1.428609 -5.815763 -0.593060 -0.136402 -0.222871 0.761579
1643091503.694927 -18.966155 -1.366334 -5.798506 -0.563398 -0.158924 -0.251404 0.770793
1643091503.795216 -18.930312 -1.293497 -5.772861 -0.536399 -0.179667 -0.274566 0.777566
1643091503.895532 -18.884229 -1.219641 -5.728346 -0.511358 -0.196197 -0.295494 0.782754
1643091503.995910 -18.842672 -1.157732 -5.673107 -0.490377 -0.207057 -0.314753 0.785868
1643091504.096307 -18.815318 -1.094648 -5.612735 -0.468743 -0.219140 -0.332001 0.788690
1643091504.196409 -18.792768 -1.045203 -5.553154 -0.448164 -0.227221 -0.348783 0.791120
1643091504.296513 -18.776618 -0.993282 -5.471563 -0.429803 -0.233019 -0.364222 0.792662
1643091504.396636 -18.764773 -0.943474 -5.403125 -0.413671 -0.237695 -0.377624 0.793585
1643091504.496619 -18.739110 -0.908293 -5.321550 -0.399017 -0.242217 -0.388120 0.794656
1643091504.596566 -18.728057 -0.892808 -5.228568 -0.389940 -0.245624 -0.395425 0.794515
1643091504.696640 -18.700034 -0.867122 -5.147044 -0.379443 -0.249940 -0.403773 0.794053
1643091504.796796 -18.714021 -0.853826 -5.056434 -0.376401 -0.248801 -0.408406 0.793489
1643091504.896843 -18.705498 -0.830961 -4.970856 -0.371042 -0.249538 -0.414137 0.792811
1643091504.996856 -18.711197 -0.821878 -4.874665 -0.368885 -0.249345 -0.415876 0.792968
1643091505.097014 -18.711653 -0.803073 -4.783903 -0.368465 -0.249472 -0.416091 0.793010
1643091505.196903 -18.684511 -0.788017 -4.687852 -0.365391 -0.252351 -0.416949 0.793071
1643091505.296739 -18.671440 -0.768942 -4.601242 -0.363684 -0.254518 -0.416492 0.793404
1643091505.396584 -18.661802 -0.755680 -4.513575 -0.362551 -0.256375 -0.418300 0.792372
1643091505.496339 -18.662755 -0.747213 -4.430112 -0.360783 -0.257776 -0.419002 0.792354
1643091505.596115 -18.630690 -0.750672 -4.334817 -0.354399 -0.264463 -0.421473 0.791720
1643091505.695990 -18.637842 -0.746778 -4.245091 -0.352914 -0.266920 -0.424860 0.789747
1643091505.796017 -18.636402 -0.740331 -4.152208 -0.347569 -0.269420 -0.428322 0.789397
1643091505.896151 -18.653066 -0.728463 -4.064872 -0.346932 -0.269530 -0.429435 0.789036
1643091505.996343 -18.642522 -0.704281 -3.975091 -0.341752 -0.272363 -0.434598 0.787495
1643091506.096694 -18.635362 -0.676377 -3.870531 -0.337096 -0.272313 -0.437468 0.787930
1643091506.196913 -18.638845 -0.670432 -3.791132 -0.339565 -0.273698 -0.437763 0.786224
1643091506.297037 -18.623978 -0.654396 -3.699976 -0.333534 -0.277866 -0.440696 0.785705
1643091506.397047 -18.619796 -0.635090 -3.614810 -0.330537 -0.278217 -0.441821 0.786216
1643091506.496943 -18.612346 -0.622502 -3.532523 -0.328552 -0.281653 -0.444177 0.784495
1643091506.596815 -18.606796 -0.606545 -3.420287 -0.326096 -0.281877 -0.445773 0.784534
1643091506.696680 -18.607760 -0.592877 -3.333478 -0.323780 -0.283616 -0.448245 0.783457
1643091506.796584 -18.608923 -0.579184 -3.245588 -0.322810 -0.284314 -0.449083 0.783124
1643091506.896482 -18.617596 -0.563870 -3.162549 -0.324709 -0.283232 -0.448257 0.783204
1643091506.996352 -18.630564 -0.537810 -3.060643 -0.325142 -0.280613 -0.448541 0.783805
1643091507.096356 -18.637310 -0.515892 -2.941819 -0.326059 -0.282636 -0.447670 0.783195
1643091507.196210 -18.639898 -0.494752 -2.886352 -0.325736 -0.281092 -0.449624 0.782765
1643091507.296160 -18.633043 -0.474106 -2.794982 -0.323353 -0.280054 -0.452375 0.782540
1643091507.396263 -18.633794 -0.455241 -2.698131 -0.324546 -0.281931 -0.454175 0.780327
1643091507.496380 -18.635599 -0.432125 -2.591785 -0.325701 -0.283256 -0.456543 0.777980
1643091507.596429 -18.633020 -0.413778 -2.525550 -0.326516 -0.282563 -0.459712 0.776022
1643091507.696473 -18.638788 -0.393799 -2.434688 -0.327086 -0.282978 -0.460235 0.775321
1643091507.796418 -18.644027 -0.365562 -2.347681 -0.325380 -0.282508 -0.463653 0.774173
1643091507.896283 -18.656716 -0.343665 -2.255934 -0.322371 -0.280259 -0.467508 0.773930
1643091507.996255 -18.658637 -0.284920 -2.133553 -0.316158 -0.283897 -0.472816 0.771940
1643091508.096472 -18.663028 -0.258263 -2.085964 -0.311359 -0.282314 -0.476900 0.771959
1643091508.196682 -18.664721 -0.210729 -2.000035 -0.308865 -0.280910 -0.478572 0.772438
1643091508.296886 -18.661452 -0.154686 -1.917966 -0.305484 -0.280654 -0.480446 0.772713
1643091508.397019 -18.664861 -0.112784 -1.841894 -0.303195 -0.279269 -0.479612 0.774631
1643091508.497152 -18.672611 -0.070782 -1.765843 -0.303402 -0.276535 -0.480502 0.774980
1643091508.597089 -18.662659 0.016054 -1.708234 -0.301398 -0.273894 -0.480188 0.776892
1643091508.696981 -18.678314 0.043110 -1.629140 -0.304029 -0.273649 -0.479811 0.776185
1643091508.796859 -18.676254 0.053198 -1.538319 -0.306990 -0.274723 -0.480058 0.774486
1643091508.896714 -18.729995 0.056865 -1.462280 -0.314315 -0.270390 -0.476994 0.774966
1643091508.996631 -18.739037 0.084228 -1.391548 -0.315026 -0.270548 -0.477909 0.774057
1643091509.096741 -18.753764 0.112501 -1.318858 -0.317944 -0.268706 -0.476389 0.774444
1643091509.196718 -18.779963 0.148104 -1.203832 -0.319165 -0.270220 -0.474854 0.774357
1643091509.296708 -18.760392 0.175086 -1.130549 -0.316259 -0.269651 -0.474938 0.775694
1643091509.396676 -18.781618 0.196823 -1.065883 -0.319353 -0.269261 -0.474800 0.774646
1643091509.496557 -18.846171 0.235253 -0.977668 -0.322606 -0.263061 -0.471741 0.777293
1643091509.596364 -18.860049 0.232963 -0.884479 -0.324108 -0.262933 -0.470553 0.777432
1643091509.696151 -18.886716 0.249531 -0.794957 -0.326399 -0.259601 -0.469883 0.777998
1643091509.795944 -18.909841 0.262841 -0.709487 -0.329434 -0.259238 -0.470122 0.776694
1643091509.895749 -18.997409 0.267232 -0.611186 -0.334452 -0.256577 -0.465722 0.778083
1643091509.995706 -18.975686 0.285813 -0.521447 -0.331263 -0.258508 -0.464761 0.779381
1643091510.095860 -18.979714 0.267013 -0.435675 -0.335638 -0.265518 -0.465737 0.774555
1643091510.196033 -19.000187 0.307254 -0.341356 -0.336635 -0.262381 -0.462535 0.777107
1643091510.296358 -19.033170 0.353485 -0.290908 -0.347029 -0.255110 -0.462295 0.775095
1643091510.396774 -19.043431 0.378176 -0.205153 -0.350793 -0.253848 -0.459908 0.775235
1643091510.497020 -19.025342 0.383547 -0.137535 -0.352901 -0.254724 -0.456964 0.775732
1643091510.597136 -19.046096 0.406810 -0.003981 -0.359343 -0.251614 -0.452563 0.776369
1643091510.697168 -19.050553 0.424062 0.047776 -0.364985 -0.249460 -0.449645 0.776128
1643091510.797092 -19.061466 0.428814 0.194265 -0.374934 -0.246877 -0.443753 0.775602
1643091510.896895 -19.032213 0.440248 0.229309 -0.373266 -0.249997 -0.443907 0.775320
1643091510.996773 -18.998981 0.463925 0.322635 -0.376732 -0.248364 -0.442219 0.775133
1643091511.096747 -18.955775 0.489598 0.399975 -0.376782 -0.250755 -0.440515 0.775309
1643091511.196579 -18.908934 0.522785 0.480989 -0.375384 -0.253139 -0.439604 0.775730
1643091511.296413 -18.904734 0.545235 0.576655 -0.380201 -0.249870 -0.435837 0.776568
1643091511.396355 -18.886335 0.569623 0.671680 -0.383878 -0.250016 -0.433491 0.776025
1643091511.496436 -18.869360 0.589657 0.762246 -0.386171 -0.249112 -0.432086 0.775962
1643091511.596558 -18.855089 0.641589 0.860423 -0.389229 -0.246890 -0.431908 0.775243
1643091511.696738 -18.838390 0.676702 0.947224 -0.390070 -0.246178 -0.430513 0.775823
1643091511.796924 -18.832071 0.722565 1.080653 -0.391280 -0.245679 -0.428056 0.776730
1643091511.896981 -18.806669 0.739255 1.128420 -0.388185 -0.249134 -0.427640 0.777411
1643091511.996947 -18.810421 0.783337 1.209754 -0.390812 -0.244208 -0.426051 0.778530
1643091512.096957 -18.774091 0.826950 1.280174 -0.387720 -0.245935 -0.427086 0.778965
1643091512.196773 -18.753689 0.890912 1.376980 -0.385649 -0.245448 -0.426554 0.780437
1643091512.296492 -18.730885 0.935575 1.437988 -0.382566 -0.244120 -0.428130 0.781507
1643091512.396244 -18.695554 0.996058 1.515724 -0.379256 -0.244221 -0.430864 0.781586
1643091512.496115 -18.666815 1.059772 1.588595 -0.375544 -0.242006 -0.435622 0.781430
1643091512.596074 -18.653782 1.094700 1.672877 -0.377588 -0.239753 -0.434781 0.781608
1643091512.696065 -18.634115 1.136125 1.762079 -0.377087 -0.239426 -0.435033 0.781810
1643091512.796111 -18.618142 1.175449 1.847333 -0.379748 -0.235645 -0.433960 0.782267
1643091512.896130 -18.589741 1.211576 1.931084 -0.378888 -0.236007 -0.432932 0.783143
1643091512.996099 -18.610185 1.255910 2.020039 -0.384790 -0.228912 -0.431200 0.783328
1643091513.096185 -18.622342 1.269001 2.113226 -0.393859 -0.226995 -0.430555 0.779724
1643091513.196101 -18.624260 1.300823 2.207200 -0.397507 -0.226386 -0.428177 0.779360
1643091513.295977 -18.621762 1.323826 2.296369 -0.398723 -0.223922 -0.431055 0.777863
1643091513.395784 -18.674556 1.373924 2.381838 -0.398932 -0.222239 -0.436850 0.775000
1643091513.495596 -18.645300 1.388409 2.450273 -0.389012 -0.227648 -0.444712 0.774001
1643091513.595477 -18.625543 1.360128 2.540317 -0.386465 -0.232726 -0.448565 0.771539
1643091513.695486 -18.593678 1.380817 2.631011 -0.376782 -0.238398 -0.455957 0.770263
1643091513.795519 -18.585087 1.373418 2.750593 -0.375473 -0.239257 -0.458446 0.769157
1643091513.895579 -18.563247 1.361981 2.853504 -0.372406 -0.245189 -0.460442 0.767587
1643091513.995732 -18.576914 1.360489 2.941574 -0.378208 -0.244056 -0.457365 0.766950
1643091514.096027 -18.566371 1.379334 3.047853 -0.376690 -0.243015 -0.458590 0.767296
1643091514.196113 -18.503753 1.393735 3.125879 -0.369536 -0.251814 -0.461182 0.766384
1643091514.296118 -18.526390 1.406930 3.223343 -0.373342 -0.252295 -0.458070 0.766247
1643091514.396025 -18.566070 1.431618 3.304926 -0.378895 -0.246582 -0.453319 0.768204
1643091514.495952 -18.578140 1.454624 3.401998 -0.380524 -0.247422 -0.451404 0.768257
1643091514.596012 -18.510369 1.474161 3.512046 -0.371494 -0.257124 -0.454645 0.767579
1643091514.696100 -18.507235 1.490076 3.577780 -0.366638 -0.263833 -0.456699 0.766417
1643091514.796077 -18.580193 1.531254 3.629523 -0.377710 -0.253033 -0.448564 0.769480
1643091514.895896 -18.546327 1.567326 3.717250 -0.368822 -0.258769 -0.450391 0.770816
1643091514.995710 -18.534805 1.599125 3.808264 -0.362512 -0.263082 -0.452100 0.771348
1643091515.095557 -18.540940 1.618816 3.901548 -0.357852 -0.269570 -0.451550 0.771606
1643091515.195305 -18.521506 1.630736 3.999083 -0.353451 -0.274647 -0.454127 0.770331
1643091515.295195 -18.497111 1.680465 4.080333 -0.344285 -0.276589 -0.458950 0.770929
1643091515.395205 -18.485468 1.702888 4.167180 -0.336146 -0.283242 -0.463806 0.769197
1643091515.495139 -18.471804 1.753645 4.246347 -0.326702 -0.282874 -0.468317 0.770667
1643091515.595109 -18.452112 1.803573 4.324279 -0.315335 -0.287298 -0.475175 0.769567
1643091515.695190 -18.433028 1.828215 4.414505 -0.304810 -0.293767 -0.482582 0.766751
1643091515.795347 -18.443440 1.870457 4.500994 -0.294516 -0.295892 -0.485924 0.767845
1643091515.895573 -18.474271 1.877905 4.584870 -0.291927 -0.299146 -0.487606 0.766506
1643091515.995827 -18.452312 1.914632 4.672916 -0.278118 -0.306239 -0.496524 0.763107
1643091516.096154 -18.538709 1.902179 4.704969 -0.289706 -0.306235 -0.493938 0.760470
1643091516.196346 -18.603969 1.868486 4.760102 -0.304338 -0.307300 -0.485242 0.759924
1643091516.296504 -18.614029 1.908194 4.849375 -0.292793 -0.312680 -0.490804 0.758693
1643091516.396559 -18.606118 1.937657 4.942569 -0.279624 -0.324464 -0.499530 0.752996
1643091516.496518 -18.643377 1.952427 5.025879 -0.274234 -0.330615 -0.505535 0.748281
1643091516.596372 -18.671460 1.990646 5.108532 -0.266010 -0.335744 -0.507663 0.747525
1643091516.696189 -18.716637 2.019291 5.181747 -0.263461 -0.335960 -0.507641 0.748345
1643091516.795995 -18.761765 2.041856 5.259974 -0.262887 -0.334210 -0.507851 0.749187
1643091516.895829 -18.791729 2.060524 5.351601 -0.259043 -0.335113 -0.511627 0.747552
1643091516.995740 -18.816621 2.059870 5.438007 -0.254859 -0.342435 -0.514224 0.743881
1643091517.095769 -18.872045 2.090868 5.513866 -0.251240 -0.351311 -0.512439 0.742204
1643091517.195645 -18.931201 2.109094 5.580513 -0.245469 -0.360812 -0.505933 0.744037
1643091517.295639 -18.981610 2.150893 5.643596 -0.245649 -0.360087 -0.504758 0.745126
1643091517.395617 -19.039658 2.185334 5.713047 -0.245309 -0.359833 -0.504106 0.745802
1643091517.495632 -19.100736 2.186666 5.774465 -0.247959 -0.358692 -0.504319 0.745332
1643091517.595609 -19.121263 2.220658 5.925973 -0.243054 -0.365646 -0.501341 0.745578
1643091517.695576 -19.125020 2.218192 5.932188 -0.244771 -0.367538 -0.504902 0.741672
1643091517.795541 -19.168408 2.207786 6.011410 -0.245025 -0.370786 -0.506205 0.739079
1643091517.895494 -19.242344 2.180143 6.121603 -0.247117 -0.373400 -0.507971 0.735848
1643091517.995519 -19.287720 2.209135 6.190431 -0.242039 -0.378289 -0.508442 0.734711
1643091518.095709 -19.339203 2.233378 6.260703 -0.242571 -0.378469 -0.507893 0.734823
1643091518.195745 -19.361901 2.202799 6.351711 -0.238368 -0.388660 -0.506812 0.731619
1643091518.295775 -19.404969 2.214238 6.422918 -0.236089 -0.392189 -0.508600 0.729229
1643091518.395801 -19.481868 2.260521 6.473149 -0.240349 -0.386192 -0.504919 0.733583
1643091518.495866 -19.523245 2.267920 6.550777 -0.239425 -0.391744 -0.503151 0.732155
1643091518.595971 -19.580681 2.299409 6.616245 -0.245231 -0.391148 -0.498181 0.733948
1643091518.696074 -19.643103 2.352325 6.669244 -0.251770 -0.386734 -0.492926 0.737613
1643091518.796122 -19.699445 2.384627 6.733168 -0.261764 -0.384170 -0.487477 0.739093
1643091518.896030 -19.739876 2.408726 6.812137 -0.265992 -0.388332 -0.481449 0.739360
1643091518.995800 -19.807329 2.442523 6.859978 -0.277934 -0.382629 -0.473175 0.743272
1643091519.095636 -19.831942 2.459784 6.934572 -0.278780 -0.386093 -0.469231 0.743664
1643091519.195403 -19.887939 2.481183 7.012261 -0.285200 -0.388843 -0.462661 0.743913
1643091519.295141 -19.946962 2.498336 7.073833 -0.290087 -0.388851 -0.459081 0.744237
1643091519.394964 -19.990091 2.518390 7.148501 -0.291228 -0.387848 -0.458925 0.744412
1643091519.494894 -20.052074 2.546708 7.212111 -0.294124 -0.385183 -0.457298 0.745656
1643091519.594923 -20.100934 2.545859 7.279005 -0.292926 -0.387987 -0.458114 0.744172
1643091519.695018 -20.139120 2.564566 7.354716 -0.286869 -0.388573 -0.462913 0.743256
1643091519.795057 -20.197315 2.575547 7.423488 -0.287293 -0.386788 -0.463769 0.743489
1643091519.895121 -20.228853 2.586286 7.465657 -0.288543 -0.386028 -0.464425 0.742990
1643091519.995152 -20.287523 2.611424 7.570842 -0.289122 -0.388794 -0.463761 0.741737
1643091520.095246 -20.313949 2.635730 7.650780 -0.281102 -0.393382 -0.466474 0.740699
1643091520.195156 -20.356554 2.657609 7.719844 -0.281748 -0.395824 -0.465406 0.739824
1643091520.295054 -20.398248 2.679483 7.793669 -0.279411 -0.397390 -0.465196 0.740002
1643091520.394958 -20.436174 2.710215 7.862106 -0.279660 -0.395759 -0.465150 0.740810
1643091520.494853 -20.483217 2.728286 7.936646 -0.282969 -0.395027 -0.462245 0.741763
1643091520.594774 -20.528560 2.738768 8.007128 -0.289861 -0.393837 -0.458976 0.741764
1643091520.694731 -20.576179 2.754091 8.069435 -0.299462 -0.390259 -0.454722 0.742461
1643091520.794698 -20.628189 2.764995 8.128144 -0.311731 -0.387905 -0.447508 0.743028
1643091520.894597 -20.676726 2.772164 8.194176 -0.312428 -0.391627 -0.444302 0.742706
1643091520.994476 -20.737961 2.754079 8.242188 -0.323967 -0.395023 -0.433825 0.742158
1643091521.094536 -20.748103 2.792527 8.312178 -0.302393 -0.408014 -0.443216 0.738676
1643091521.194567 -20.760541 2.840481 8.378328 -0.275309 -0.420205 -0.453201 0.736370
1643091521.294500 -20.793719 2.863535 8.439686 -0.249604 -0.436845 -0.459735 0.731784
1643091521.394395 -20.848681 2.832580 8.490679 -0.236015 -0.452914 -0.463581 0.724057
1643091521.494322 -20.910894 2.788177 8.509794 -0.231064 -0.467780 -0.462855 0.716629
1643091521.594381 -20.960997 2.804585 8.567880 -0.186433 -0.479662 -0.475042 0.713794
1643091521.694566 -21.012847 2.834154 8.626676 -0.142305 -0.484198 -0.484718 0.714388
1643091521.794737 -21.072785 2.785971 8.617274 -0.099420 -0.502345 -0.486481 0.707885
1643091521.894899 -21.152388 2.771297 8.627780 -0.057814 -0.508396 -0.486697 0.708038
1643091521.995074 -21.203721 2.787074 8.686977 -0.007742 -0.509140 -0.492918 0.705513
1643091522.095315 -21.239652 2.723879 8.654108 0.020966 -0.526081 -0.489112 0.695391
1643091522.195339 -21.310274 2.718074 8.689541 0.049744 -0.522563 -0.490131 0.695863
1643091522.295281 -21.360687 2.686893 8.632036 0.065887 -0.522132 -0.486195 0.697604
1643091522.395252 -21.431660 2.680677 8.660498 0.109006 -0.517452 -0.484905 0.696583
1643091522.495311 -21.481775 2.660592 8.600300 0.124454 -0.512590 -0.477718 0.702530
1643091522.595372 -21.554344 2.648346 8.617904 0.156860 -0.499119 -0.474876 0.707649
1643091522.695323 -21.612869 2.627934 8.576877 0.175424 -0.490405 -0.468706 0.713473
1643091522.795184 -21.694733 2.617388 8.581256 0.203933 -0.473166 -0.459854 0.723229
1643091522.894979 -21.765734 2.586688 8.576398 0.231549 -0.460236 -0.453548 0.727229
1643091522.994708 -21.834940 2.560771 8.558176 0.255854 -0.446290 -0.445199 0.732913
1643091523.094484 -21.883751 2.528583 8.517963 0.266151 -0.432382 -0.437964 0.741887
1643091523.194167 -21.948748 2.498192 8.492185 0.281624 -0.415118 -0.428629 0.751426
1643091523.294035 -22.013845 2.456406 8.477353 0.299982 -0.394167 -0.416318 0.762445
1643091523.394135 -22.059118 2.409157 8.444403 0.313397 -0.377196 -0.407618 0.770294
1643091523.494317 -22.104943 2.362614 8.406757 0.325198 -0.360981 -0.396312 0.779022
1643091523.594580 -22.147438 2.305608 8.377375 0.336501 -0.339229 -0.384593 0.789797
1643091523.694833 -22.178435 2.258215 8.337929 0.346765 -0.319118 -0.374684 0.798454
1643091523.794930 -22.211963 2.209188 8.290264 0.358267 -0.298211 -0.362279 0.807136
1643091523.894885 -22.237474 2.154668 8.245339 0.368302 -0.276447 -0.349674 0.815879
1643091523.994751 -22.256815 2.103129 8.191151 0.378105 -0.255996 -0.338168 0.822888
1643091524.094730 -22.271495 2.048322 8.136692 0.388923 -0.235361 -0.326980 0.828510
1643091524.194753 -22.283694 1.996438 8.072814 0.394820 -0.218998 -0.317596 0.833840
1643091524.294814 -22.288981 1.947463 8.006108 0.401651 -0.204385 -0.310603 0.836916
1643091524.394806 -22.296649 1.892852 7.928221 0.408474 -0.190984 -0.300963 0.840295
1643091524.494766 -22.299748 1.853508 7.863798 0.415257 -0.178226 -0.292588 0.842727
1643091524.594681 -22.302321 1.827166 7.806792 0.419443 -0.169188 -0.284091 0.845420
1643091524.694715 -22.307091 1.778729 7.712538 0.425922 -0.161302 -0.276421 0.846264
1643091524.794769 -22.313578 1.748496 7.639941 0.429758 -0.154690 -0.272026 0.846984
1643091524.894813 -22.319803 1.713848 7.559558 0.431675 -0.149830 -0.265962 0.848806
1643091524.994835 -22.309144 1.674995 7.490787 0.434070 -0.144383 -0.263126 0.849413
1643091525.094970 -22.320813 1.651855 7.412058 0.435772 -0.143257 -0.258313 0.850208
1643091525.195045 -22.313064 1.626625 7.336097 0.437655 -0.143914 -0.255846 0.849876
1643091525.295208 -22.310372 1.600863 7.254944 0.438254 -0.147043 -0.255666 0.849086
1643091525.395353 -22.309397 1.569675 7.174853 0.435357 -0.152954 -0.257451 0.848992
1643091525.495389 -22.293158 1.531219 7.107022 0.433132 -0.157053 -0.263419 0.847550
1643091525.595283 -22.293316 1.501027 7.033093 0.430716 -0.166212 -0.266002 0.846227
1643091525.695114 -22.288339 1.445134 6.979004 0.429387 -0.168320 -0.271098 0.844868
1643091525.794926 -22.282091 1.402358 6.915783 0.425519 -0.173960 -0.276210 0.844026
1643091525.894710 -22.279135 1.353752 6.858494 0.424495 -0.180442 -0.279450 0.842112
1643091525.994515 -22.270821 1.309395 6.799497 0.421782 -0.185584 -0.285033 0.840485
1643091526.094506 -22.269632 1.262691 6.743428 0.419581 -0.189291 -0.286949 0.840108
1643091526.194328 -22.273483 1.227447 6.691375 0.417736 -0.193430 -0.289848 0.839088
1643091526.294196 -22.274061 1.187422 6.641794 0.416845 -0.196203 -0.291654 0.838262
1643091526.394100 -22.278257 1.144309 6.593371 0.414900 -0.196751 -0.293635 0.838406
1643091526.494064 -22.281611 1.110056 6.546028 0.413400 -0.198194 -0.295554 0.838133
1643091526.594071 -22.299504 1.078522 6.503055 0.411010 -0.197550 -0.297265 0.838855
1643091526.694108 -22.309905 1.053458 6.460595 0.409325 -0.199066 -0.297373 0.839283
1643091526.794150 -22.339004 1.035475 6.434415 0.409034 -0.195345 -0.301748 0.838737
1643091526.894119 -22.337435 1.017494 6.401662 0.406731 -0.194890 -0.306396 0.838278
1643091526.994136 -22.355287 0.998225 6.385876 0.407164 -0.190207 -0.308231 0.838470
1643091527.094285 -22.359120 0.985945 6.360976 0.407180 -0.189598 -0.309459 0.838148
1643091527.194322 -22.359207 0.976930 6.343814 0.404179 -0.188385 -0.312629 0.838697
1643091527.294395 -22.377067 0.970234 6.336037 0.403980 -0.184157 -0.312442 0.839802
1643091527.394423 -22.385228 0.963126 6.325028 0.403533 -0.181394 -0.312279 0.840678
1643091527.494364 -22.393893 0.961610 6.318326 0.403867 -0.180730 -0.311064 0.841110
1643091527.594249 -22.400863 0.962187 6.313558 0.403471 -0.178319 -0.312596 0.841247
1643091527.694148 -22.403595 0.962921 6.312996 0.402935 -0.176094 -0.312752 0.841915
1643091527.794097 -22.401873 0.966617 6.310982 0.395670 -0.172780 -0.317935 0.844103
